COMUNE;maschi;femmine;totale
  Agliè;1229;1392;2621
  Airasca;1820;1778;3598
  Ala di Stura;230;211;441
  Albiano d'Ivrea;816;828;1644
  Alice Superiore;0;0;0
  Almese;3152;3274;6426
  Alpette;131;117;248
  Alpignano;8391;8554;16945
  Andezeno;1021;1020;2041
  Andrate;264;228;492
  Angrogna;440;406;846
  Arignano;574;507;1081
  Avigliana;6157;6454;12611
  Azeglio;608;636;1244
  Bairo;371;426;797
  Balangero;1529;1624;3153
  Baldissero Canavese;257;274;531
  Baldissero Torinese;1791;1810;3601
  Balme;62;52;114
  Banchette;1506;1685;3191
  Barbania;782;785;1567
  Bardonecchia;1567;1581;3148
  Barone Canavese;290;288;578
  Beinasco;8578;9207;17785
  Bibiana;1743;1727;3470
  Bobbio Pellice;262;285;547
  Bollengo;1086;1045;2131
  Borgaro Torinese;5796;6111;11907
  Borgiallo;300;288;588
  Borgofranco d'Ivrea;1721;1875;3596
  Borgomasino;376;414;790
  Borgone Susa;1098;1099;2197
  Bosconero;1546;1549;3095
  Brandizzo;4260;4378;8638
  Bricherasio;2255;2338;4593
  Brosso;190;211;401
  Brozolo;228;212;440
  Bruino;4236;4342;8578
  Brusasco;744;738;1482
  Bruzolo;754;756;1510
  Buriasco;666;689;1355
  Burolo;538;588;1126
  Busano;833;790;1623
  Bussoleno;2793;3013;5806
  Buttigliera Alta;3104;3242;6346
  Cafasse;1657;1701;3358
  Caluso;3593;3818;7411
  Cambiano;2897;3114;6011
  Campiglione Fenile;670;669;1339
  Candia Canavese;568;608;1176
  Candiolo;2800;2845;5645
  Canischio;141;133;274
  Cantalupa;1264;1324;2588
  Cantoira;316;278;594
  Caprie;1037;1030;2067
  Caravino;441;465;906
  Carema;362;403;765
  Carignano;4502;4722;9224
  Carmagnola;13951;14534;28485
  Casalborgone;925;949;1874
  Cascinette d'Ivrea;752;759;1511
  Caselette;1494;1528;3022
  Caselle Torinese;6856;7051;13907
  Castagneto Po;891;857;1748
  Castagnole Piemonte;1087;1108;2195
  Castellamonte;4850;4992;9842
  Castelnuovo Nigra;215;201;416
  Castiglione Torinese;3207;3294;6501
  Cavagnolo;1133;1155;2288
  Cavour;2694;2786;5480
  Cercenasco;879;908;1787
  Ceres;537;499;1036
  Ceresole Reale;85;76;161
  Cesana Torinese;519;432;951
  Chialamberto;173;183;356
  Chianocco;790;805;1595
  Chiaverano;990;1065;2055
  Chieri;17498;18915;36413
  Chiesanuova;115;102;217
  Chiomonte;434;451;885
  Chiusa di San Michele;804;794;1598
  Chivasso;12880;13850;26730
  Ciconio;193;191;384
  Cintano;118;123;241
  Cinzano;158;168;326
  Ciriè;8753;9491;18244
  Claviere;103;95;198
  Coassolo Torinese;753;735;1488
  Coazze;1586;1541;3127
  Collegno;23739;25800;49539
  Colleretto Castelnuovo;148;151;299
  Colleretto Giacosa;298;287;585
  Condove;2194;2295;4489
  Corio;1558;1611;3169
  Cossano Canavese;236;228;464
  Cuceglio;472;482;954
  Cumiana;3934;3955;7889
  Cuorgnè;4703;4911;9614
  Druento;4363;4546;8909
  Exilles;125;114;239
  Favria;2552;2602;5154
  Feletto;1083;1123;2206
  Fenestrelle;256;250;506
  Fiano;1304;1331;2635
  Fiorano Canavese;377;386;763
  Foglizzo;1096;1181;2277
  Forno Canavese;1660;1647;3307
  Frassinetto;150;115;265
  Front;829;829;1658
  Frossasco;1404;1475;2879
  Garzigliana;276;272;548
  Gassino Torinese;4503;4874;9377
  Germagnano;571;562;1133
  Giaglione;291;318;609
  Giaveno;7936;8321;16257
  Givoletto;1997;1962;3959
  Gravere;345;328;673
  Groscavallo;98;99;197
  Grosso;472;509;981
  Grugliasco;17730;19198;36928
  Ingria;27;18;45
  Inverso Pinasca;353;347;700
  Isolabella;190;190;380
  Issiglio;198;199;397
  Ivrea;11011;12204;23215
  La Cassa;901;882;1783
  La Loggia;4379;4455;8834
  Lanzo Torinese;2405;2540;4945
  Lauriano;712;757;1469
  Leini;8114;8284;16398
  Lemie;96;78;174
  Lessolo;865;927;1792
  Levone;218;226;444
  Locana;693;741;1434
  Lombardore;871;848;1719
  Lombriasco;556;493;1049
  Loranzè;568;585;1153
  Lugnacco;0;0;0
  Luserna San Giovanni;3492;3770;7262
  Lusernetta;255;254;509
  Lusigliè;276;291;567
  Macello;580;581;1161
  Maglione;203;209;412
  Mappano;3682;3743;7425
  Marentino;661;640;1301
  Massello;28;25;53
  Mathi;1919;1960;3879
  Mattie;326;339;665
  Mazzè;2017;2106;4123
  Meana di Susa;428;396;824
  Mercenasco;664;589;1253
  Meugliano;0;0;0
  Mezzenile;390;373;763
  Mombello di Torino;195;186;381
  Mompantero;303;342;645
  Monastero di Lanzo;179;156;335
  Moncalieri;27473;29264;56737
  Moncenisio;16;16;32
  Montaldo Torinese;350;361;711
  Montalenghe;470;522;992
  Montalto Dora;1657;1716;3373
  Montanaro;2555;2636;5191
  Monteu da Po;421;413;834
  Moriondo Torinese;429;422;851
  Nichelino;22687;24270;46957
  Noasca;56;54;110
  Nole;3322;3507;6829
  Nomaglio;149;146;295
  None;3950;4019;7969
  Novalesa;266;262;528
  Oglianico;719;736;1455
  Orbassano;11271;12013;23284
  Orio Canavese;382;382;764
  Osasco;576;591;1167
  Osasio;482;430;912
  Oulx;1701;1618;3319
  Ozegna;582;599;1181
  Palazzo Canavese;407;444;851
  Pancalieri;991;1047;2038
  Parella;193;224;417
  Pavarolo;552;564;1116
  Pavone Canavese;1817;1932;3749
  Pecco;0;0;0
  Pecetto Torinese;1998;2085;4083
  Perosa Argentina;1520;1656;3176
  Perosa Canavese;260;266;526
  Perrero;336;290;626
  Pertusio;369;379;748
  Pessinetto;323;293;616
  Pianezza;7558;7890;15448
  Pinasca;1388;1506;2894
  Pinerolo;16979;18716;35695
  Pino Torinese;4028;4385;8413
  Piobesi Torinese;1884;1996;3880
  Piossasco;8881;9286;18167
  Piscina;1649;1715;3364
  Piverone;659;706;1365
  Poirino;5079;5074;10153
  Pomaretto;474;519;993
  Pont-Canavese;1546;1664;3210
  Porte;535;517;1052
  Pragelato;402;349;751
  Prali;134;118;252
  Pralormo;933;959;1892
  Pramollo;115;104;219
  Prarostino;634;631;1265
  Prascorsano;366;367;733
  Pratiglione;235;245;480
  Quagliuzzo;173;156;329
  Quassolo;167;188;355
  Quincinetto;505;529;1034
  Reano;851;899;1750
  Ribordone;26;23;49
  Riva presso Chieri;2362;2400;4762
  Rivalba;587;569;1156
  Rivalta di Torino;9875;10103;19978
  Rivara;1254;1265;2519
  Rivarolo Canavese;6033;6468;12501
  Rivarossa;800;771;1571
  Rivoli;22801;24796;47597
  Robassomero;1478;1578;3056
  Rocca Canavese;854;846;1700
  Roletto;1010;1000;2010
  Romano Canavese;1291;1366;2657
  Ronco Canavese;154;143;297
  Rondissone;964;895;1859
  Rorà;124;107;231
  Rosta;2388;2537;4925
  Roure;384;409;793
  Rubiana;1176;1192;2368
  Rueglio;391;393;784
  Salassa;917;926;1843
  Salbertrand;322;303;625
  Salerano Canavese;230;238;468
  Salza di Pinerolo;48;27;75
  Samone;765;774;1539
  San Benigno Canavese;2936;3064;6000
  San Carlo Canavese;1951;2058;4009
  San Colombano Belmonte;171;168;339
  San Didero;266;262;528
  San Francesco al Campo;2374;2460;4834
  San Germano Chisone;880;870;1750
  San Gillio;1504;1597;3101
  San Giorgio Canavese;1247;1309;2556
  San Giorio di Susa;472;506;978
  San Giusto Canavese;1584;1715;3299
  San Martino Canavese;398;407;805
  San Maurizio Canavese;5057;5222;10279
  San Mauro Torinese;8991;9656;18647
  San Pietro Val Lemina;700;723;1423
  San Ponso;134;129;263
  San Raffaele Cimena;1521;1577;3098
  San Sebastiano da Po;933;960;1893
  San Secondo di Pinerolo;1822;1855;3677
  Sangano;1780;1966;3746
  Sant'Ambrogio di Torino;2347;2337;4684
  Sant'Antonino di Susa;1983;2186;4169
  Santena;5257;5380;10637
  Sauze di Cesana;133;108;241
  Sauze d'Oulx;563;519;1082
  Scalenghe;1647;1616;3263
  Scarmagno;396;430;826
  Sciolze;738;715;1453
  Sestriere;483;438;921
  Settimo Rottaro;219;247;466
  Settimo Torinese;22805;24201;47006
  Settimo Vittone;790;751;1541
  Sparone;467;494;961
  Strambinello;127;142;269
  Strambino;2994;3176;6170
  Susa;2936;3238;6174
  Tavagnasco;374;397;771
  Torino;409442;448468;857910
  Torrazza Piemonte;1459;1512;2971
  Torre Canavese;288;315;603
  Torre Pellice;2163;2334;4497
  Trana;1884;1925;3809
  Trausella;0;0;0
  Traversella;162;161;323
  Traves;270;258;528
  Trofarello;5223;5600;10823
  Usseaux;92;97;189
  Usseglio;105;95;200
  Vaie;710;704;1414
  Val della Torre;2012;1952;3964
  Val di Chy;658;625;1283
  Valchiusa;496;534;1030
  Valgioie;494;421;915
  Vallo Torinese;412;383;795
  Valperga;1436;1589;3025
  Valprato Soana;49;46;95
  Varisella;422;430;852
  Vauda Canavese;728;730;1458
  Venaria Reale;16059;17075;33134
  Venaus;438;445;883
  Verolengo;2368;2464;4832
  Verrua Savoia;695;689;1384
  Vestignè;396;406;802
  Vialfrè;126;121;247
  Vico Canavese;0;0;0
  Vidracco;246;264;510
  Vigone;2544;2590;5134
  Villafranca Piemonte;2247;2346;4593
  Villanova Canavese;586;627;1213
  Villar Dora;1411;1421;2832
  Villar Focchiardo;962;977;1939
  Villar Pellice;533;528;1061
  Villar Perosa;1943;2055;3998
  Villarbasse;1699;1801;3500
  Villareggia;499;503;1002
  Villastellone;2263;2350;4613
  Vinovo;7377;7725;15102
  Virle Piemonte;580;569;1149
  Vische;589;614;1203
  Vistrorio;252;267;519
  Viù;525;501;1026
  Volpiano;7529;7857;15386
  Volvera;4229;4326;8555
  Alagna Valsesia;381;349;730
  Albano Vercellese;153;152;305
  Alice Castello;1283;1254;2537
  Alto Sermenza;86;65;151
  Arborio;450;412;862
  Asigliano Vercellese;685;720;1405
  Balmuccia;50;63;113
  Balocco;119;91;210
  Bianzè;900;969;1869
  Boccioleto;80;88;168
  Borgo d'Ale;1158;1149;2307
  Borgo Vercelli;1080;1126;2206
  Borgosesia;5954;6544;12498
  Buronzo;413;432;845
  Campertogno;115;116;231
  Carcoforo;38;34;72
  Caresana;542;493;1035
  Caresanablot;536;571;1107
  Carisio;399;367;766
  Casanova Elvo;116;92;208
  Cellio con Breia;488;484;972
  Cervatto;37;21;58
  Cigliano;2104;2267;4371
  Civiasco;133;119;252
  Collobiano;42;46;88
  Costanzana;367;379;746
  Cravagliana;137;118;255
  Crescentino;3846;3899;7745
  Crova;195;207;402
  Desana;499;564;1063
  Fobello;108;79;187
  Fontanetto Po;549;537;1086
  Formigliana;243;241;484
  Gattinara;3772;4010;7782
  Ghislarengo;405;417;822
  Greggio;174;170;344
  Guardabosone;171;168;339
  Lamporo;263;258;521
  Lenta;401;408;809
  Lignana;250;285;535
  Livorno Ferraris;2052;2175;4227
  Lozzolo;394;423;817
  Mollia;55;41;96
  Moncrivello;684;678;1362
  Motta de' Conti;377;369;746
  Olcenengo;387;405;792
  Oldenico;106;105;211
  Palazzolo Vercellese;571;574;1145
  Pertengo;138;143;281
  Pezzana;631;657;1288
  Pila;80;59;139
  Piode;88;97;185
  Postua;294;271;565
  Prarolo;348;364;712
  Quarona;1852;2080;3932
  Quinto Vercellese;185;184;369
  Rassa;34;28;62
  Rimella;81;52;133
  Riva Valdobbia;0;0;0
  Rive;221;226;447
  Roasio;1143;1195;2338
  Ronsecco;250;285;535
  Rossa;100;76;176
  Rovasenda;445;480;925
  Salasco;115;102;217
  Sali Vercellese;50;52;102
  Saluggia;1897;1995;3892
  San Germano Vercellese;726;766;1492
  San Giacomo Vercellese;142;147;289
  Santhià;3974;4268;8242
  Scopa;181;192;373
  Scopello;195;175;370
  Serravalle Sesia;2354;2481;4835
  Stroppiana;564;599;1163
  Tricerro;352;344;696
  Trino;3334;3498;6832
  Tronzano Vercellese;1675;1741;3416
  Valduggia;972;959;1931
  Varallo;3382;3702;7084
  Vercelli;22142;24220;46362
  Villarboit;202;207;409
  Villata;784;772;1556
  Vocca;81;79;160
  Agrate Conturbia;801;762;1563
  Ameno;527;426;953
  Armeno;1041;1114;2155
  Arona;6441;7347;13788
  Barengo;362;396;758
  Bellinzago Novarese;4778;4737;9515
  Biandrate;653;631;1284
  Boca;562;573;1135
  Bogogno;620;646;1266
  Bolzano Novarese;589;575;1164
  Borgo Ticino;2601;2574;5175
  Borgolavezzaro;954;1038;1992
  Borgomanero;10217;11063;21280
  Briga Novarese;1352;1445;2797
  Briona;532;584;1116
  Caltignaga;1216;1254;2470
  Cameri;5257;5552;10809
  Carpignano Sesia;1167;1334;2501
  Casalbeltrame;495;483;978
  Casaleggio Novara;454;456;910
  Casalino;753;744;1497
  Casalvolone;434;450;884
  Castellazzo Novarese;154;164;318
  Castelletto sopra Ticino;4682;5063;9745
  Cavaglietto;204;185;389
  Cavaglio d'Agogna;581;591;1172
  Cavallirio;651;661;1312
  Cerano;3264;3429;6693
  Colazza;233;233;466
  Comignago;619;623;1242
  Cressa;784;815;1599
  Cureggio;1236;1347;2583
  Divignano;682;698;1380
  Dormelletto;1183;1344;2527
  Fara Novarese;991;1027;2018
  Fontaneto d'Agogna;1279;1331;2610
  Galliate;7571;7994;15565
  Garbagna Novarese;704;720;1424
  Gargallo;868;888;1756
  Gattico;0;0;0
  Gattico-Veruno;2500;2677;5177
  Ghemme;1675;1766;3441
  Gozzano;2760;2758;5518
  Granozzo con Monticello;669;671;1340
  Grignasco;2114;2251;4365
  Invorio;2133;2174;4307
  Landiona;262;286;548
  Lesa;1043;1146;2189
  Maggiora;783;847;1630
  Mandello Vitta;106;116;222
  Marano Ticino;817;803;1620
  Massino Visconti;543;559;1102
  Meina;1142;1284;2426
  Mezzomerico;619;607;1226
  Miasino;354;431;785
  Momo;1177;1288;2465
  Nebbiuno;894;897;1791
  Nibbiola;410;408;818
  Novara;49902;53385;103287
  Oleggio;6932;7225;14157
  Oleggio Castello;1085;1081;2166
  Orta San Giulio;656;672;1328
  Paruzzaro;1062;1094;2156
  Pella;428;496;924
  Pettenasco;657;687;1344
  Pisano;383;431;814
  Pogno;657;715;1372
  Pombia;1070;1050;2120
  Prato Sesia;925;938;1863
  Recetto;489;444;933
  Romagnano Sesia;1841;2015;3856
  Romentino;2698;2810;5508
  San Maurizio d'Opaglio;1456;1561;3017
  San Nazzaro Sesia;378;358;736
  San Pietro Mosezzo;944;947;1891
  Sillavengo;279;274;553
  Sizzano;678;724;1402
  Soriso;356;389;745
  Sozzago;517;559;1076
  Suno;1342;1402;2744
  Terdobbiate;235;229;464
  Tornaco;452;465;917
  Trecate;10195;10368;20563
  Vaprio d'Agogna;476;503;979
  Varallo Pombia;2376;2513;4889
  Veruno;0;0;0
  Vespolate;989;1020;2009
  Vicolungo;416;447;863
  Vinzaglio;304;241;545
  Acceglio;78;80;158
  Aisone;110;109;219
  Alba;14944;16572;31516
  Albaretto della Torre;116;116;232
  Alto;67;70;137
  Argentera;37;37;74
  Arguello;104;92;196
  Bagnasco;488;531;1019
  Bagnolo Piemonte;2928;2983;5911
  Baldissero d'Alba;544;523;1067
  Barbaresco;304;308;612
  Barge;3752;3754;7506
  Barolo;321;358;679
  Bastia Mondovì;325;316;641
  Battifollo;123;98;221
  Beinette;1724;1753;3477
  Bellino;55;47;102
  Belvedere Langhe;164;187;351
  Bene Vagienna;1868;1810;3678
  Benevello;238;244;482
  Bergolo;30;26;56
  Bernezzo;2078;2110;4188
  Bonvicino;50;50;100
  Borgo San Dalmazzo;6088;6329;12417
  Borgomale;182;195;377
  Bosia;86;88;174
  Bossolasco;301;327;628
  Boves;4807;4879;9686
  Bra;14284;15308;29592
  Briaglia;154;145;299
  Briga Alta;29;13;42
  Brondello;152;125;277
  Brossasco;523;508;1031
  Busca;5102;5012;10114
  Camerana;296;297;593
  Camo;0;0;0
  Canale;2771;2829;5600
  Canosio;44;34;78
  Caprauna;50;43;93
  Caraglio;3369;3435;6804
  Caramagna Piemonte;1512;1539;3051
  Cardè;563;592;1155
  Carrù;2156;2197;4353
  Cartignano;81;96;177
  Casalgrasso;725;694;1419
  Castagnito;1071;1114;2185
  Casteldelfino;75;76;151
  Castellar;0;0;0
  Castelletto Stura;671;687;1358
  Castelletto Uzzone;168;148;316
  Castellinaldo d'Alba;454;443;897
  Castellino Tanaro;152;143;295
  Castelmagno;38;21;59
  Castelnuovo di Ceva;52;55;107
  Castiglione Falletto;357;339;696
  Castiglione Tinella;407;429;836
  Castino;249;226;475
  Cavallerleone;357;304;661
  Cavallermaggiore;2689;2728;5417
  Celle di Macra;51;36;87
  Centallo;3598;3349;6947
  Ceresole Alba;1032;999;2031
  Cerretto Langhe;220;199;419
  Cervasca;2593;2568;5161
  Cervere;1118;1120;2238
  Ceva;2775;2876;5651
  Cherasco;4600;4735;9335
  Chiusa di Pesio;1812;1817;3629
  Cigliè;93;88;181
  Cissone;50;36;86
  Clavesana;392;415;807
  Corneliano d'Alba;1056;1092;2148
  Cortemilia;1085;1179;2264
  Cossano Belbo;478;460;938
  Costigliole Saluzzo;1690;1624;3314
  Cravanzana;178;193;371
  Crissolo;89;67;156
  Cuneo;26968;29343;56311
  Demonte;991;920;1911
  Diano d'Alba;1818;1800;3618
  Dogliani;2347;2375;4722
  Dronero;3441;3604;7045
  Elva;49;38;87
  Entracque;470;370;840
  Envie;975;991;1966
  Farigliano;854;870;1724
  Faule;238;236;474
  Feisoglio;147;154;301
  Fossano;12339;12319;24658
  Frabosa Soprana;407;343;750
  Frabosa Sottana;839;708;1547
  Frassino;150;120;270
  Gaiola;302;281;583
  Gambasca;183;160;343
  Garessio;1461;1542;3003
  Genola;1293;1291;2584
  Gorzegno;130;135;265
  Gottasecca;65;65;130
  Govone;1105;1188;2293
  Grinzane Cavour;983;1006;1989
  Guarene;1761;1807;3568
  Igliano;32;34;66
  Isasca;45;33;78
  La Morra;1378;1344;2722
  Lagnasco;725;693;1418
  Lequio Berria;248;204;452
  Lequio Tanaro;388;370;758
  Lesegno;424;410;834
  Levice;102;94;196
  Limone Piemonte;749;712;1461
  Lisio;93;97;190
  Macra;23;26;49
  Magliano Alfieri;1069;1142;2211
  Magliano Alpi;1083;1109;2192
  Mango;650;653;1303
  Manta;1861;1947;3808
  Marene;1648;1636;3284
  Margarita;688;726;1414
  Marmora;31;27;58
  Marsaglia;108;113;221
  Martiniana Po;392;348;740
  Melle;159;127;286
  Moiola;118;103;221
  Mombarcaro;127;131;258
  Mombasiglio;285;324;609
  Monastero di Vasco;622;677;1299
  Monasterolo Casotto;45;38;83
  Monasterolo di Savigliano;677;699;1376
  Monchiero;292;276;568
  Mondovì;10864;11444;22308
  Monesiglio;280;329;609
  Monforte d'Alba;972;1006;1978
  Montà;2238;2441;4679
  Montaldo di Mondovì;272;274;546
  Montaldo Roero;419;430;849
  Montanera;376;362;738
  Montelupo Albese;234;244;478
  Montemale di Cuneo;115;113;228
  Monterosso Grana;274;236;510
  Monteu Roero;804;776;1580
  Montezemolo;124;105;229
  Monticello d'Alba;1153;1212;2365
  Moretta;2011;2053;4064
  Morozzo;1014;1008;2022
  Murazzano;415;421;836
  Murello;468;464;932
  Narzole;1743;1785;3528
  Neive;1621;1698;3319
  Neviglie;180;184;364
  Niella Belbo;186;177;363
  Niella Tanaro;522;484;1006
  Novello;486;483;969
  Nucetto;196;203;399
  Oncino;50;33;83
  Ormea;792;762;1554
  Ostana;53;37;90
  Paesana;1347;1356;2703
  Pagno;290;285;575
  Pamparato;153;132;285
  Paroldo;98;106;204
  Perletto;145;124;269
  Perlo;58;54;112
  Peveragno;2773;2845;5618
  Pezzolo Valle Uzzone;165;161;326
  Pianfei;1074;1046;2120
  Piasco;1378;1392;2770
  Pietraporzio;40;36;76
  Piobesi d'Alba;697;703;1400
  Piozzo;485;497;982
  Pocapaglia;1660;1686;3346
  Polonghera;535;569;1104
  Pontechianale;87;80;167
  Pradleves;120;117;237
  Prazzo;85;88;173
  Priero;250;258;508
  Priocca;1003;1018;2021
  Priola;353;333;686
  Prunetto;217;208;425
  Racconigi;4912;4984;9896
  Revello;2141;2105;4246
  Rifreddo;523;529;1052
  Rittana;48;62;110
  Roaschia;50;49;99
  Roascio;48;46;94
  Robilante;1099;1121;2220
  Roburent;245;235;480
  Rocca Cigliè;61;69;130
  Rocca de' Baldi;811;796;1607
  Roccabruna;747;797;1544
  Roccaforte Mondovì;1130;1008;2138
  Roccasparvera;379;367;746
  Roccavione;1332;1344;2676
  Rocchetta Belbo;84;73;157
  Roddi;810;790;1600
  Roddino;230;187;417
  Rodello;472;493;965
  Rossana;435;398;833
  Ruffia;187;167;354
  Sale delle Langhe;247;230;477
  Sale San Giovanni;80;81;161
  Saliceto;611;640;1251
  Salmour;383;341;724
  Saluzzo;8531;8913;17444
  Sambuco;43;43;86
  Sampeyre;508;496;1004
  San Benedetto Belbo;79;82;161
  San Damiano Macra;207;199;406
  San Michele Mondovì;925;970;1895
  Sanfrè;1484;1525;3009
  Sanfront;1176;1179;2355
  Santa Vittoria d'Alba;1422;1431;2853
  Sant'Albano Stura;1216;1151;2367
  Santo Stefano Belbo;1964;1988;3952
  Santo Stefano Roero;647;717;1364
  Savigliano;10573;11091;21664
  Scagnello;86;97;183
  Scarnafigi;1083;1048;2131
  Serralunga d'Alba;283;268;551
  Serravalle Langhe;163;138;301
  Sinio;247;240;487
  Somano;166;158;324
  Sommariva del Bosco;3133;3200;6333
  Sommariva Perno;1329;1409;2738
  Stroppo;46;54;100
  Tarantasca;1105;1042;2147
  Torre Bormida;86;79;165
  Torre Mondovì;249;240;489
  Torre San Giorgio;354;378;732
  Torresina;21;25;46
  Treiso;390;378;768
  Trezzo Tinella;164;148;312
  Trinità;1114;1116;2230
  Valdieri;481;436;917
  Valgrana;391;388;779
  Valloriate;62;43;105
  Valmala;0;0;0
  Venasca;668;715;1383
  Verduno;258;269;527
  Vernante;553;597;1150
  Verzuolo;3138;3279;6417
  Vezza d'Alba;1148;1138;2286
  Vicoforte;1548;1631;3179
  Vignolo;1294;1306;2600
  Villafalletto;1468;1470;2938
  Villanova Mondovì;2861;2962;5823
  Villanova Solaro;387;361;748
  Villar San Costanzo;782;758;1540
  Vinadio;313;298;611
  Viola;190;176;366
  Vottignasco;257;245;502
  Agliano Terme;797;781;1578
  Albugnano;251;249;500
  Antignano;473;492;965
  Aramengo;283;281;564
  Asti;36040;39011;75051
  Azzano d'Asti;178;204;382
  Baldichieri d'Asti;560;587;1147
  Belveglio;160;166;326
  Berzano di San Pietro;218;187;405
  Bruno;152;158;310
  Bubbio;384;428;812
  Buttigliera d'Asti;1279;1252;2531
  Calamandrana;834;844;1678
  Calliano;652;636;1288
  Calosso;626;584;1210
  Camerano Casasco;208;204;412
  Canelli;5031;5240;10271
  Cantarana;492;493;985
  Capriglio;172;144;316
  Casorzo;287;320;607
  Cassinasco;301;292;593
  Castagnole delle Lanze;1782;1883;3665
  Castagnole Monferrato;586;584;1170
  Castel Boglione;329;267;596
  Castel Rocchero;198;196;394
  Castell'Alfero;1336;1343;2679
  Castellero;144;160;304
  Castelletto Molina;64;75;139
  Castello di Annone;971;884;1855
  Castelnuovo Belbo;400;425;825
  Castelnuovo Calcea;372;355;727
  Castelnuovo Don Bosco;1523;1592;3115
  Cellarengo;357;349;706
  Celle Enomondo;229;241;470
  Cerreto d'Asti;112;108;220
  Cerro Tanaro;296;296;592
  Cessole;181;184;365
  Chiusano d'Asti;113;117;230
  Cinaglio;220;231;451
  Cisterna d'Asti;619;608;1227
  Coazzolo;151;142;293
  Cocconato;726;719;1445
  Corsione;102;101;203
  Cortandone;147;161;308
  Cortanze;141;133;274
  Cortazzone;294;297;591
  Cortiglione;262;269;531
  Cossombrato;246;273;519
  Costigliole d'Asti;2846;2885;5731
  Cunico;223;226;449
  Dusino San Michele;545;520;1065
  Ferrere;761;764;1525
  Fontanile;266;271;537
  Frinco;367;361;728
  Grana;277;308;585
  Grazzano Badoglio;301;306;607
  Incisa Scapaccino;1066;1049;2115
  Isola d'Asti;989;1037;2026
  Loazzolo;161;159;320
  Maranzana;133;108;241
  Maretto;204;179;383
  Moasca;262;240;502
  Mombaldone;107;96;203
  Mombaruzzo;523;502;1025
  Mombercelli;1039;1075;2114
  Monale;502;495;997
  Monastero Bormida;418;497;915
  Moncalvo;1355;1471;2826
  Moncucco Torinese;433;447;880
  Mongardino;431;442;873
  Montabone;159;160;319
  Montafia;476;458;934
  Montaldo Scarampi;348;391;739
  Montechiaro d'Asti;620;638;1258
  Montegrosso d'Asti;1159;1154;2313
  Montemagno;508;575;1083
  Montiglio Monferrato;794;793;1587
  Moransengo;97;88;185
  Nizza Monferrato;4943;5342;10285
  Olmo Gentile;35;36;71
  Passerano Marmorito;219;197;416
  Penango;228;230;458
  Piea;280;272;552
  Pino d'Asti;110;105;215
  Piovà Massaia;294;293;587
  Portacomaro;983;1039;2022
  Quaranti;91;75;166
  Refrancore;752;799;1551
  Revigliasco d'Asti;389;396;785
  Roatto;184;186;370
  Robella;252;221;473
  Rocca d'Arazzo;452;448;900
  Roccaverano;205;176;381
  Rocchetta Palafea;177;170;347
  Rocchetta Tanaro;692;712;1404
  San Damiano d'Asti;4000;4095;8095
  San Giorgio Scarampi;57;48;105
  San Martino Alfieri;352;331;683
  San Marzano Oliveto;511;504;1015
  San Paolo Solbrito;598;603;1201
  Scurzolengo;274;267;541
  Serole;54;54;108
  Sessame;121;129;250
  Settime;263;257;520
  Soglio;80;72;152
  Tigliole;850;861;1711
  Tonco;402;392;794
  Tonengo;126;122;248
  Vaglio Serra;143;136;279
  Valfenera;1227;1197;2424
  Vesime;317;294;611
  Viale;121;117;238
  Viarigi;427;434;861
  Vigliano d'Asti;425;391;816
  Villa San Secondo;179;204;383
  Villafranca d'Asti;1464;1517;2981
  Villanova d'Asti;2699;2854;5553
  Vinchio;288;280;568
  Acqui Terme;9252;10593;19845
  Albera Ligure;161;133;294
  Alessandria;44834;48042;92876
  Alfiano Natta;376;368;744
  Alice Bel Colle;393;337;730
  Alluvioni Piovera;812;870;1682
  Altavilla Monferrato;229;194;423
  Alzano Scrivia;188;175;363
  Arquata Scrivia;3064;3246;6310
  Avolasca;130;131;261
  Balzola;646;674;1320
  Basaluzzo;1045;1018;2063
  Bassignana;789;854;1643
  Belforte Monferrato;259;240;499
  Bergamasco;349;362;711
  Berzano di Tortona;77;78;155
  Bistagno;899;903;1802
  Borghetto di Borbera;990;965;1955
  Borgo San Martino;670;693;1363
  Borgoratto Alessandrino;265;292;557
  Bosco Marengo;1176;1130;2306
  Bosio;593;559;1152
  Bozzole;173;153;326
  Brignano-Frascata;220;210;430
  Cabella Ligure;256;227;483
  Camagna Monferrato;236;242;478
  Camino;371;360;731
  Cantalupo Ligure;225;228;453
  Capriata d'Orba;895;933;1828
  Carbonara Scrivia;553;561;1114
  Carentino;164;143;307
  Carezzano;199;226;425
  Carpeneto;471;459;930
  Carrega Ligure;52;34;86
  Carrosio;261;238;499
  Cartosio;347;377;724
  Casal Cermelli;574;606;1180
  Casale Monferrato;15886;17710;33596
  Casaleggio Boiro;190;182;372
  Casalnoceto;485;494;979
  Casasco;59;58;117
  Cassano Spinola;909;965;1874
  Cassine;1461;1454;2915
  Cassinelle;444;406;850
  Castellania Coppi;44;44;88
  Castellar Guidobono;206;191;397
  Castellazzo Bormida;2124;2232;4356
  Castelletto d'Erro;68;74;142
  Castelletto d'Orba;944;958;1902
  Castelletto Merli;225;234;459
  Castelletto Monferrato;737;731;1468
  Castelnuovo Bormida;303;323;626
  Castelnuovo Scrivia;2437;2564;5001
  Castelspina;195;215;410
  Cavatore;120;144;264
  Cella Monte;251;244;495
  Cereseto;204;200;404
  Cerreto Grue;150;150;300
  Cerrina Monferrato;653;690;1343
  Coniolo;223;215;438
  Conzano;478;475;953
  Costa Vescovato;166;157;323
  Cremolino;521;512;1033
  Cuccaro Monferrato;0;0;0
  Denice;87;88;175
  Dernice;90;93;183
  Fabbrica Curone;283;308;591
  Felizzano;1081;1121;2202
  Fraconalto;167;147;314
  Francavilla Bisio;251;257;508
  Frascaro;210;229;439
  Frassinello Monferrato;233;257;490
  Frassineto Po;665;713;1378
  Fresonara;335;314;649
  Frugarolo;918;971;1889
  Fubine Monferrato;768;821;1589
  Gabiano;543;506;1049
  Gamalero;386;427;813
  Garbagna;327;324;651
  Gavi;2213;2237;4450
  Giarole;320;365;685
  Gremiasco;152;149;301
  Grognardo;132;110;242
  Grondona;232;246;478
  Guazzora;151;151;302
  Isola Sant'Antonio;342;311;653
  Lerma;395;424;819
  Lu;0;0;0
  Lu e Cuccaro Monferrato;669;711;1380
  Malvicino;33;45;78
  Masio;675;645;1320
  Melazzo;634;656;1290
  Merana;95;86;181
  Mirabello Monferrato;623;628;1251
  Molare;1006;1079;2085
  Molino dei Torti;315;271;586
  Mombello Monferrato;462;483;945
  Momperone;110;94;204
  Moncestino;86;103;189
  Mongiardino Ligure;81;69;150
  Monleale;277;283;560
  Montacuto;133;118;251
  Montaldeo;116;121;237
  Montaldo Bormida;316;302;618
  Montecastello;155;152;307
  Montechiaro d'Acqui;276;255;531
  Montegioco;159;133;292
  Montemarzino;147;144;291
  Morano sul Po;672;708;1380
  Morbello;218;198;416
  Mornese;339;372;711
  Morsasco;305;322;627
  Murisengo;649;694;1343
  Novi Ligure;13526;14674;28200
  Occimiano;618;646;1264
  Odalengo Grande;216;219;435
  Odalengo Piccolo;123;116;239
  Olivola;58;58;116
  Orsara Bormida;211;204;415
  Ottiglio;317;297;614
  Ovada;5303;5861;11164
  Oviglio;583;614;1197
  Ozzano Monferrato;690;691;1381
  Paderna;105;95;200
  Pareto;288;240;528
  Parodi Ligure;338;299;637
  Pasturana;605;660;1265
  Pecetto di Valenza;589;596;1185
  Pietra Marazzi;437;459;896
  Pomaro Monferrato;176;160;336
  Pontecurone;1752;1742;3494
  Pontestura;674;703;1377
  Ponti;295;276;571
  Ponzano Monferrato;160;169;329
  Ponzone;530;478;1008
  Pozzol Groppo;152;143;295
  Pozzolo Formigaro;2256;2284;4540
  Prasco;241;241;482
  Predosa;953;994;1947
  Quargnento;656;708;1364
  Quattordio;765;801;1566
  Ricaldone;331;297;628
  Rivalta Bormida;683;704;1387
  Rivarone;221;170;391
  Rocca Grimalda;768;712;1480
  Roccaforte Ligure;75;49;124
  Rocchetta Ligure;117;96;213
  Rosignano Monferrato;725;768;1493
  Sala Monferrato;158;165;323
  Sale;1935;2032;3967
  San Cristoforo;275;292;567
  San Giorgio Monferrato;590;619;1209
  San Salvatore Monferrato;2066;2107;4173
  San Sebastiano Curone;252;293;545
  Sant'Agata Fossili;183;199;382
  Sardigliano;193;200;393
  Sarezzano;575;578;1153
  Serralunga di Crea;263;260;523
  Serravalle Scrivia;2933;2991;5924
  Sezzadio;601;638;1239
  Silvano d'Orba;934;956;1890
  Solero;796;827;1623
  Solonghello;99;102;201
  Spigno Monferrato;485;489;974
  Spineto Scrivia;177;174;351
  Stazzano;1172;1219;2391
  Strevi;945;951;1896
  Tagliolo Monferrato;778;764;1542
  Tassarolo;322;291;613
  Terruggia;438;488;926
  Terzo;443;410;853
  Ticineto;649;693;1342
  Tortona;13122;14289;27411
  Treville;133;140;273
  Trisobbio;328;347;675
  Valenza;8769;9768;18537
  Valmacca;461;516;977
  Vignale Monferrato;455;508;963
  Vignole Borbera;1007;1047;2054
  Viguzzolo;1536;1548;3084
  Villadeati;241;236;477
  Villalvernia;435;456;891
  Villamiroglio;152;145;297
  Villanova Monferrato;856;940;1796
  Villaromagnano;334;325;659
  Visone;618;573;1191
  Volpedo;572;605;1177
  Volpeglino;68;61;129
  Voltaggio;351;359;710
  Ailoche;145;178;323
  Andorno Micca;1476;1589;3065
  Benna;553;591;1144
  Biella;20737;23471;44208
  Bioglio;460;414;874
  Borriana;413;472;885
  Brusnengo;959;1062;2021
  Callabiana;74;68;142
  Camandona;152;164;316
  Camburzano;548;601;1149
  Campiglia Cervo;247;245;492
  Candelo;3488;3816;7304
  Caprile;98;87;185
  Casapinta;181;226;407
  Castelletto Cervo;413;406;819
  Cavaglià;1782;1762;3544
  Cerreto Castello;0;0;0
  Cerrione;1382;1465;2847
  Coggiola;847;881;1728
  Cossato;6784;7528;14312
  Crevacuore;710;772;1482
  Curino;224;244;468
  Donato;362;358;720
  Dorzano;279;264;543
  Gaglianico;1756;2007;3763
  Gifflenga;56;52;108
  Graglia;740;758;1498
  Lessona;1319;1397;2716
  Magnano;204;177;381
  Massazza;259;274;533
  Masserano;999;1028;2027
  Mezzana Mortigliengo;239;254;493
  Miagliano;268;311;579
  Mongrando;1805;1958;3763
  Mosso;0;0;0
  Mottalciata;669;654;1323
  Muzzano;289;310;599
  Netro;471;471;942
  Occhieppo Inferiore;1814;2023;3837
  Occhieppo Superiore;1279;1413;2692
  Pettinengo;771;735;1506
  Piatto;242;249;491
  Piedicavallo;93;85;178
  Pollone;1039;1046;2085
  Ponderano;1841;1937;3778
  Portula;572;599;1171
  Pralungo;1143;1192;2335
  Pray;979;1081;2060
  Quaregna;0;0;0
  Quaregna Cerreto;1007;1023;2030
  Ronco Biellese;748;728;1476
  Roppolo;410;448;858
  Rosazza;41;49;90
  Sagliano Micca;762;811;1573
  Sala Biellese;288;297;585
  Salussola;984;923;1907
  Sandigliano;1277;1362;2639
  Soprana;0;0;0
  Sordevolo;644;695;1339
  Sostegno;367;398;765
  Strona;520;536;1056
  Tavigliano;461;463;924
  Ternengo;132;138;270
  Tollegno;1198;1265;2463
  Torrazzo;104;99;203
  Trivero;0;0;0
  Valdengo;1149;1247;2396
  Valdilana;5202;5523;10725
  Vallanzengo;101;102;203
  Valle Mosso;0;0;0
  Valle San Nicolao;463;459;922
  Veglio;236;224;460
  Verrone;624;623;1247
  Vigliano Biellese;3746;4011;7757
  Villa del Bosco;146;180;326
  Villanova Biellese;93;97;190
  Viverone;676;735;1411
  Zimone;197;198;395
  Zubiena;572;570;1142
  Zumaglia;472;510;982
  Antrona Schieranco;198;208;406
  Anzola d'Ossola;209;198;407
  Arizzano;958;1013;1971
  Arola;119;117;236
  Aurano;55;45;100
  Baceno;424;464;888
  Bannio Anzino;233;223;456
  Baveno;2410;2518;4928
  Bee;362;408;770
  Belgirate;238;264;502
  Beura-Cardezza;734;713;1447
  Bognanco;102;82;184
  Borgomezzavalle;146;154;300
  Brovello-Carpugnino;372;364;736
  Calasca-Castiglione;310;284;594
  Cambiasca;770;823;1593
  Cannero Riviera;428;453;881
  Cannobio;2438;2666;5104
  Caprezzo;90;80;170
  Casale Corte Cerro;1691;1760;3451
  Cavaglio-Spoccia;0;0;0
  Ceppo Morelli;154;142;296
  Cesara;294;296;590
  Cossogno;341;326;667
  Craveggia;403;357;760
  Crevoladossola;2184;2296;4480
  Crodo;700;694;1394
  Cursolo-Orasso;0;0;0
  Domodossola;8579;9489;18068
  Druogno;521;531;1052
  Falmenta;0;0;0
  Formazza;226;219;445
  Germagno;104;80;184
  Ghiffa;1158;1190;2348
  Gignese;535;508;1043
  Gravellona Toce;3746;4027;7773
  Gurro;92;97;189
  Intragna;57;53;110
  Loreglia;111;113;224
  Macugnaga;278;260;538
  Madonna del Sasso;217;184;401
  Malesco;672;697;1369
  Masera;713;740;1453
  Massiola;64;58;122
  Mergozzo;1058;1085;2143
  Miazzina;195;169;364
  Montecrestese;618;638;1256
  Montescheno;187;190;377
  Nonio;409;448;857
  Oggebbio;423;452;875
  Omegna;7146;7566;14712
  Ornavasso;1679;1706;3385
  Pallanzeno;573;563;1136
  Piedimulera;741;730;1471
  Pieve Vergonte;1209;1299;2508
  Premeno;372;387;759
  Premia;273;270;543
  Premosello-Chiovenda;914;998;1912
  Quarna Sopra;116;135;251
  Quarna Sotto;189;186;375
  Re;339;358;697
  San Bernardino Verbano;639;637;1276
  Santa Maria Maggiore;622;658;1280
  Stresa;2227;2408;4635
  Toceno;366;352;718
  Trarego Viggiona;201;203;404
  Trasquera;82;90;172
  Trontano;820;842;1662
  Valle Cannobina;248;230;478
  Valstrona;611;600;1211
  Vanzone con San Carlo;193;193;386
  Varzo;962;1034;1996
  Verbania;14307;15986;30293
  Vignone;584;601;1185
  Villadossola;3061;3310;6371
  Villette;131;130;261
  Vogogna;881;860;1741
  Allein;106;104;210
  Antey-Saint-André;278;287;565
  Aosta;15859;18057;33916
  Arnad;593;652;1245
  Arvier;431;439;870
  Avise;148;158;306
  Ayas;701;692;1393
  Aymavilles;1023;1081;2104
  Bard;55;67;122
  Bionaz;116;109;225
  Brissogne;488;460;948
  Brusson;434;449;883
  Challand-Saint-Anselme;379;379;758
  Challand-Saint-Victor;267;281;548
  Chambave;462;457;919
  Chamois;57;41;98
  Champdepraz;343;371;714
  Champorcher;204;190;394
  Charvensod;1145;1193;2338
  Châtillon;2181;2343;4524
  Cogne;692;685;1377
  Courmayeur;1381;1380;2761
  Donnas;1176;1272;2448
  Doues;247;265;512
  Emarèse;115;108;223
  Etroubles;251;230;481
  Fénis;865;904;1769
  Fontainemore;228;203;431
  Gaby;225;235;460
  Gignod;859;856;1715
  Gressan;1662;1731;3393
  Gressoney-La-Trinité;151;167;318
  Gressoney-Saint-Jean;411;401;812
  Hône;573;616;1189
  Introd;332;329;661
  Issime;199;208;407
  Issogne;669;680;1349
  Jovençan;362;361;723
  La Magdeleine;64;45;109
  La Salle;1012;989;2001
  La Thuile;405;407;812
  Lillianes;212;233;445
  Montjovet;916;886;1802
  Morgex;1014;1082;2096
  Nus;1454;1496;2950
  Ollomont;88;77;165
  Oyace;120;97;217
  Perloz;225;232;457
  Pollein;758;778;1536
  Pontboset;95;78;173
  Pontey;405;396;801
  Pont-Saint-Martin;1714;1878;3592
  Pré-Saint-Didier;551;480;1031
  Quart;2043;2002;4045
  Rhêmes-Notre-Dame;49;36;85
  Rhêmes-Saint-Georges;92;82;174
  Roisan;522;516;1038
  Saint-Christophe;1717;1729;3446
  Saint-Denis;199;183;382
  Saint-Marcel;676;689;1365
  Saint-Nicolas;166;154;320
  Saint-Oyen;89;110;199
  Saint-Pierre;1610;1585;3195
  Saint-Rhémy-en-Bosses;175;154;329
  Saint-Vincent;2148;2284;4432
  Sarre;2335;2482;4817
  Torgnon;307;260;567
  Valgrisenche;112;84;196
  Valpelline;331;287;618
  Valsavarenche;88;87;175
  Valtournenche;1178;1077;2255
  Verrayes;644;620;1264
  Verrès;1269;1308;2577
  Villeneuve;670;589;1259
  Airole;179;169;348
  Apricale;302;288;590
  Aquila d'Arroscia;81;74;155
  Armo;60;57;117
  Aurigo;168;167;335
  Badalucco;523;555;1078
  Bajardo;187;148;335
  Bordighera;4725;5429;10154
  Borghetto d'Arroscia;222;198;420
  Borgomaro;435;391;826
  Camporosso;2725;2766;5491
  Caravonica;150;114;264
  Castel Vittorio;142;127;269
  Castellaro;601;622;1223
  Ceriana;571;557;1128
  Cervo;544;598;1142
  Cesio;139;128;267
  Chiusanico;293;279;572
  Chiusavecchia;256;251;507
  Cipressa;592;609;1201
  Civezza;300;300;600
  Cosio d'Arroscia;86;101;187
  Costarainera;378;384;762
  Diano Arentino;329;343;672
  Diano Castello;1107;1133;2240
  Diano Marina;2673;3106;5779
  Diano San Pietro;551;546;1097
  Dolceacqua;982;1050;2032
  Dolcedo;649;664;1313
  Imperia;20194;21775;41969
  Isolabona;334;341;675
  Lucinasco;158;120;278
  Mendatica;98;71;169
  Molini di Triora;314;278;592
  Montalto Carpasio;254;237;491
  Montegrosso Pian Latte;58;58;116
  Olivetta San Michele;99;92;191
  Ospedaletti;1471;1645;3116
  Perinaldo;394;421;815
  Pietrabruna;223;219;442
  Pieve di Teco;646;688;1334
  Pigna;378;390;768
  Pompeiana;418;426;844
  Pontedassio;1148;1159;2307
  Pornassio;393;261;654
  Prelà;244;225;469
  Ranzo;262;285;547
  Rezzo;152;159;311
  Riva Ligure;1386;1418;2804
  Rocchetta Nervina;148;134;282
  San Bartolomeo al Mare;1446;1606;3052
  San Biagio della Cima;604;649;1253
  San Lorenzo al Mare;603;656;1259
  Sanremo;25016;27606;52622
  Santo Stefano al Mare;1003;1047;2050
  Seborga;136;144;280
  Soldano;505;492;997
  Taggia;6572;7343;13915
  Terzorio;114;119;233
  Triora;181;165;346
  Vallebona;647;631;1278
  Vallecrosia;3264;3570;6834
  Vasia;192;190;382
  Ventimiglia;11732;12179;23911
  Vessalico;134;111;245
  Villa Faraldi;223;224;447
  Alassio;4863;5675;10538
  Albenga;11488;12036;23524
  Albisola Superiore;4592;5208;9800
  Albissola Marina;2496;2790;5286
  Altare;991;1003;1994
  Andora;3517;3810;7327
  Arnasco;303;287;590
  Balestrino;260;279;539
  Bardineto;367;387;754
  Bergeggi;504;562;1066
  Boissano;1268;1246;2514
  Borghetto Santo Spirito;2174;2455;4629
  Borgio Verezzi;982;1137;2119
  Bormida;178;179;357
  Cairo Montenotte;6247;6482;12729
  Calice Ligure;850;872;1722
  Calizzano;707;730;1437
  Carcare;2556;2878;5434
  Casanova Lerrone;357;368;725
  Castelbianco;157;162;319
  Castelvecchio di Rocca Barbena;69;76;145
  Celle Ligure;2429;2646;5075
  Cengio;1658;1718;3376
  Ceriale;2653;2778;5431
  Cisano sul Neva;1012;1032;2044
  Cosseria;525;535;1060
  Dego;956;982;1938
  Erli;114;103;217
  Finale Ligure;5396;5833;11229
  Garlenda;621;626;1247
  Giustenice;501;504;1005
  Giusvalla;217;196;413
  Laigueglia;808;938;1746
  Loano;5018;5802;10820
  Magliolo;488;448;936
  Mallare;525;556;1081
  Massimino;56;52;108
  Millesimo;1582;1682;3264
  Mioglia;249;254;503
  Murialdo;415;368;783
  Nasino;97;88;185
  Noli;1240;1314;2554
  Onzo;100;116;216
  Orco Feglino;456;438;894
  Ortovero;796;800;1596
  Osiglia;234;213;447
  Pallare;464;472;936
  Piana Crixia;394;398;792
  Pietra Ligure;4008;4469;8477
  Plodio;324;318;642
  Pontinvrea;435;398;833
  Quiliano;3396;3665;7061
  Rialto;278;275;553
  Roccavignale;383;393;776
  Sassello;906;857;1763
  Savona;27855;31584;59439
  Spotorno;1697;1886;3583
  Stella;1501;1460;2961
  Stellanello;443;388;831
  Testico;88;80;168
  Toirano;1299;1367;2666
  Tovo San Giacomo;1255;1334;2589
  Urbe;351;339;690
  Vado Ligure;3952;4265;8217
  Varazze;6227;6672;12899
  Vendone;174;189;363
  Vezzi Portio;401;400;801
  Villanova d'Albenga;1370;1410;2780
  Zuccarello;143;153;296
  Arenzano;5318;5930;11248
  Avegno;1256;1268;2524
  Bargagli;1334;1284;2618
  Bogliasco;2112;2307;4419
  Borzonasca;996;938;1934
  Busalla;2645;2716;5361
  Camogli;2465;2671;5136
  Campo Ligure;1418;1397;2815
  Campomorone;3251;3448;6699
  Carasco;1804;1923;3727
  Casarza Ligure;3302;3396;6698
  Casella;1582;1541;3123
  Castiglione Chiavarese;745;829;1574
  Ceranesi;1880;1861;3741
  Chiavari;12685;14780;27465
  Cicagna;1180;1134;2314
  Cogoleto;4293;4651;8944
  Cogorno;2812;2885;5697
  Coreglia Ligure;145;132;277
  Crocefieschi;284;241;525
  Davagna;958;889;1847
  Fascia;34;31;65
  Favale di Malvaro;221;227;448
  Fontanigorda;131;123;254
  Genova;267864;297888;565752
  Gorreto;40;45;85
  Isola del Cantone;719;699;1418
  Lavagna;5791;6649;12440
  Leivi;1171;1235;2406
  Lorsica;213;210;423
  Lumarzo;762;750;1512
  Masone;1765;1830;3595
  Mele;1291;1352;2643
  Mezzanego;747;732;1479
  Mignanego;1775;1787;3562
  Moconesi;1220;1239;2459
  Moneglia;1267;1386;2653
  Montebruno;120;104;224
  Montoggio;1018;1008;2026
  Ne;1098;1090;2188
  Neirone;454;385;839
  Orero;275;251;526
  Pieve Ligure;1221;1253;2474
  Portofino;191;181;372
  Propata;71;63;134
  Rapallo;13773;15405;29178
  Recco;4556;5120;9676
  Rezzoaglio;470;480;950
  Ronco Scrivia;2086;2125;4211
  Rondanina;35;26;61
  Rossiglione;1270;1365;2635
  Rovegno;281;222;503
  San Colombano Certenoli;1324;1291;2615
  Santa Margherita Ligure;4106;4800;8906
  Santo Stefano d'Aveto;548;510;1058
  Sant'Olcese;2836;2910;5746
  Savignone;1522;1546;3068
  Serra Riccò;3844;3888;7732
  Sestri Levante;8588;9561;18149
  Sori;1953;2103;4056
  Tiglieto;271;245;516
  Torriglia;1103;1112;2215
  Tribogna;313;275;588
  Uscio;1071;1093;2164
  Valbrevenna;429;334;763
  Vobbia;198;174;372
  Zoagli;1156;1213;2369
  Ameglia;2119;2216;4335
  Arcola;4976;5278;10254
  Beverino;1151;1160;2311
  Bolano;3670;3838;7508
  Bonassola;398;434;832
  Borghetto di Vara;435;468;903
  Brugnato;642;651;1293
  Calice al Cornoviglio;550;536;1086
  Carro;257;263;520
  Carrodano;249;229;478
  Castelnuovo Magra;4087;4276;8363
  Deiva Marina;652;712;1364
  Follo;3099;3183;6282
  Framura;319;304;623
  La Spezia;44380;48170;92550
  Lerici;4677;5160;9837
  Levanto;2537;2812;5349
  Maissana;342;272;614
  Monterosso al Mare;644;753;1397
  Luni;4082;4227;8309
  Pignone;266;279;545
  Portovenere;1681;1707;3388
  Riccò del Golfo di Spezia;1777;1848;3625
  Riomaggiore;705;716;1421
  Rocchetta di Vara;356;324;680
  Santo Stefano di Magra;4921;5014;9935
  Sarzana;10523;11407;21930
  Sesta Godano;658;661;1319
  Varese Ligure;929;961;1890
  Vernazza;382;394;776
  Vezzano Ligure;3491;3712;7203
  Zignago;249;249;498
  Agra;205;190;395
  Albizzate;2540;2682;5222
  Angera;2589;2839;5428
  Arcisate;4844;5104;9948
  Arsago Seprio;2404;2401;4805
  Azzate;2240;2408;4648
  Azzio;383;372;755
  Barasso;784;876;1660
  Bardello;779;826;1605
  Bedero Valcuvia;323;331;654
  Besano;1252;1254;2506
  Besnate;2671;2796;5467
  Besozzo;4272;4562;8834
  Biandronno;1598;1665;3263
  Bisuschio;2119;2225;4344
  Bodio Lomnago;1088;1117;2205
  Brebbia;1549;1619;3168
  Bregano;430;420;850
  Brenta;861;857;1718
  Brezzo di Bedero;631;569;1200
  Brinzio;417;381;798
  Brissago-Valtravaglia;589;617;1206
  Brunello;461;475;936
  Brusimpiano;566;585;1151
  Buguggiate;1492;1604;3096
  Busto Arsizio;40232;43447;83679
  Cadegliano-Viconago;1042;1101;2143
  Cadrezzate;0;0;0
  Cadrezzate con Osmate;1270;1353;2623
  Cairate;3802;3861;7663
  Cantello;2276;2403;4679
  Caravate;1311;1252;2563
  Cardano al Campo;7076;7352;14428
  Carnago;3276;3369;6645
  Caronno Pertusella;8907;9066;17973
  Caronno Varesino;2404;2445;4849
  Casale Litta;1344;1365;2709
  Casalzuigno;668;695;1363
  Casciago;1786;1893;3679
  Casorate Sempione;2769;2912;5681
  Cassano Magnago;10466;10950;21416
  Cassano Valcuvia;315;337;652
  Castellanza;6907;7463;14370
  Castello Cabiaglio;278;276;554
  Castelseprio;637;664;1301
  Castelveccana;953;985;1938
  Castiglione Olona;3800;3841;7641
  Castronno;2523;2540;5063
  Cavaria con Premezzo;2903;2851;5754
  Cazzago Brabbia;401;411;812
  Cislago;5071;5176;10247
  Cittiglio;1878;1933;3811
  Clivio;915;990;1905
  Cocquio-Trevisago;2269;2423;4692
  Comabbio;605;584;1189
  Comerio;1378;1495;2873
  Cremenaga;368;394;762
  Crosio della Valle;312;292;604
  Cuasso al Monte;1771;1772;3543
  Cugliate-Fabiasco;1522;1496;3018
  Cunardo;1462;1480;2942
  Curiglia con Monteviasco;88;77;165
  Cuveglio;1604;1714;3318
  Cuvio;807;861;1668
  Daverio;1482;1542;3024
  Dumenza;748;712;1460
  Duno;72;51;123
  Fagnano Olona;6125;6238;12363
  Ferno;3332;3404;6736
  Ferrera di Varese;352;335;687
  Gallarate;26399;27808;54207
  Galliate Lombardo;479;509;988
  Gavirate;4383;4840;9223
  Gazzada Schianno;2237;2357;4594
  Gemonio;1444;1462;2906
  Gerenzano;5275;5514;10789
  Germignaga;1891;1988;3879
  Golasecca;1294;1315;2609
  Gorla Maggiore;2464;2490;4954
  Gorla Minore;4106;4112;8218
  Gornate Olona;1099;1067;2166
  Grantola;592;637;1229
  Inarzo;524;538;1062
  Induno Olona;5036;5282;10318
  Ispra;2516;2734;5250
  Jerago con Orago;2550;2621;5171
  Lavena Ponte Tresa;2813;3047;5860
  Laveno-Mombello;4013;4553;8566
  Leggiuno;1791;1925;3716
  Lonate Ceppino;2445;2555;5000
  Lonate Pozzolo;5692;5814;11506
  Lozza;629;635;1264
  Luino;6893;7494;14387
  Luvinate;651;672;1323
  Maccagno con Pino e Veddasca;1230;1275;2505
  Malgesso;625;630;1255
  Malnate;7973;8552;16525
  Marchirolo;1700;1783;3483
  Marnate;3928;4047;7975
  Marzio;159;157;316
  Masciago Primo;152;145;297
  Mercallo;906;921;1827
  Mesenzana;781;808;1589
  Montegrino Valtravaglia;725;750;1475
  Monvalle;947;962;1909
  Morazzone;2083;2160;4243
  Mornago;2463;2485;4948
  Oggiona con Santo Stefano;2138;2162;4300
  Olgiate Olona;6135;6407;12542
  Origgio;3909;3982;7891
  Orino;401;403;804
  Osmate;0;0;0
  Porto Ceresio;1397;1481;2878
  Porto Valtravaglia;1099;1199;2298
  Rancio Valcuvia;461;460;921
  Ranco;639;655;1294
  Saltrio;1479;1583;3062
  Samarate;7903;8154;16057
  Sangiano;758;722;1480
  Saronno;18481;20304;38785
  Sesto Calende;5352;5753;11105
  Solbiate Arno;1950;2106;4056
  Solbiate Olona;2686;2728;5414
  Somma Lombardo;8593;8968;17561
  Sumirago;3005;3094;6099
  Taino;1799;1839;3638
  Ternate;1247;1314;2561
  Tradate;9199;9528;18727
  Travedona-Monate;1957;2087;4044
  Tronzano Lago Maggiore;112;107;219
  Uboldo;5323;5290;10613
  Valganna;790;773;1563
  Varano Borghi;1167;1271;2438
  Varese;38380;42344;80724
  Vedano Olona;3552;3805;7357
  Venegono Inferiore;2941;3098;6039
  Venegono Superiore;3642;3715;7357
  Vergiate;4268;4392;8660
  Viggiù;2435;2686;5121
  Vizzola Ticino;291;275;566
  Albavilla;3110;3263;6373
  Albese con Cassano;2024;2120;4144
  Albiolo;1357;1332;2689
  Alserio;645;641;1286
  Alta Valle Intelvi;1447;1448;2895
  Alzate Brianza;2420;2427;4847
  Anzano del Parco;904;920;1824
  Appiano Gentile;3735;3954;7689
  Argegno;333;339;672
  Arosio;2506;2633;5139
  Asso;1739;1821;3560
  Barni;293;290;583
  Bellagio;1745;1933;3678
  Bene Lario;168;158;326
  Beregazzo con Figliaro;1331;1415;2746
  Binago;2360;2361;4721
  Bizzarone;835;847;1682
  Blessagno;149;136;285
  Blevio;563;629;1192
  Bregnano;3282;3228;6510
  Brenna;1113;1075;2188
  Brienno;155;172;327
  Brunate;828;830;1658
  Bulgarograsso;2022;1991;4013
  Cabiate;3748;3702;7450
  Cadorago;3961;3992;7953
  Caglio;241;250;491
  Cagno;0;0;0
  Campione d'Italia;935;1005;1940
  Cantù;19475;20315;39790
  Canzo;2515;2631;5146
  Capiago Intimiano;2713;2820;5533
  Carate Urio;541;597;1138
  Carbonate;1496;1430;2926
  Carimate;2219;2244;4463
  Carlazzo;1494;1619;3113
  Carugo;3276;3336;6612
  Caslino d'Erba;810;853;1663
  Casnate con Bernate;2438;2532;4970
  Cassina Rizzardi;1628;1728;3356
  Castelmarte;648;608;1256
  Castelnuovo Bozzente;440;462;902
  Cavargna;99;95;194
  Centro Valle Intelvi;1753;1768;3521
  Cerano d'Intelvi;259;280;539
  Cermenate;4526;4658;9184
  Cernobbio;3148;3440;6588
  Cirimido;1087;1027;2114
  Claino con Osteno;293;263;556
  Colonno;247;246;493
  Colverde;2650;2756;5406
  Como;41354;44189;85543
  Corrido;397;409;806
  Cremia;331;339;670
  Cucciago;1732;1734;3466
  Cusino;106;108;214
  Dizzasco;279;321;600
  Domaso;723;748;1471
  Dongo;1583;1681;3264
  Dosso del Liro;113;123;236
  Erba;7656;8318;15974
  Eupilio;1306;1322;2628
  Faggeto Lario;581;572;1153
  Faloppio;2320;2376;4696
  Fenegrò;1605;1598;3203
  Figino Serenza;2530;2558;5088
  Fino Mornasco;4870;4909;9779
  Garzeno;346;355;701
  Gera Lario;523;514;1037
  Grandate;1355;1463;2818
  Grandola ed Uniti;661;648;1309
  Gravedona ed Uniti;2006;2117;4123
  Griante;303;310;613
  Guanzate;2843;2877;5720
  Inverigo;4480;4631;9111
  Laglio;424;457;881
  Laino;262;262;524
  Lambrugo;1237;1236;2473
  Lasnigo;235;233;468
  Lezzeno;992;1033;2025
  Limido Comasco;1926;1928;3854
  Lipomo;2917;3008;5925
  Livo;94;71;165
  Locate Varesino;2123;2138;4261
  Lomazzo;4829;5065;9894
  Longone al Segrino;956;973;1929
  Luisago;1360;1374;2734
  Lurago d'Erba;2654;2688;5342
  Lurago Marinone;1299;1276;2575
  Lurate Caccivio;4791;4975;9766
  Magreglio;332;321;653
  Mariano Comense;12257;12594;24851
  Maslianico;1583;1638;3221
  Menaggio;1520;1572;3092
  Merone;2013;2028;4041
  Moltrasio;769;821;1590
  Monguzzo;1179;1182;2361
  Montano Lucino;2601;2724;5325
  Montemezzo;114;107;221
  Montorfano;1215;1319;2534
  Mozzate;4273;4355;8628
  Musso;482;472;954
  Nesso;583;603;1186
  Novedrate;1455;1395;2850
  Olgiate Comasco;5715;5952;11667
  Oltrona di San Mamette;1174;1208;2382
  Orsenigo;1342;1339;2681
  Peglio;89;90;179
  Pianello del Lario;512;544;1056
  Pigra;117;120;237
  Plesio;428;398;826
  Pognana Lario;335;354;689
  Ponna;118;115;233
  Ponte Lambro;2140;2190;4330
  Porlezza;2337;2444;4781
  Proserpio;473;473;946
  Pusiano;670;704;1374
  Rezzago;158;147;305
  Rodero;650;634;1284
  Ronago;830;850;1680
  Rovellasca;3885;3993;7878
  Rovello Porro;3002;3161;6163
  Sala Comacina;246;261;507
  San Bartolomeo Val Cavargna;468;495;963
  San Fermo della Battaglia;3791;4017;7808
  San Nazzaro Val Cavargna;152;132;284
  San Siro;854;885;1739
  Schignano;455;412;867
  Senna Comasco;1569;1548;3117
  Solbiate;0;0;0
  Solbiate con Cagno;2317;2388;4705
  Sorico;609;614;1223
  Sormano;351;283;634
  Stazzona;314;298;612
  Tavernerio;2764;2932;5696
  Torno;550;584;1134
  Tremezzina;2503;2579;5082
  Trezzone;124;108;232
  Turate;4675;4746;9421
  Uggiate-Trevano;2374;2478;4852
  Val Rezzo;83;77;160
  Valbrona;1315;1327;2642
  Valmorea;1317;1323;2640
  Valsolda;729;757;1486
  Veleso;103;96;199
  Veniano;1507;1526;3033
  Vercana;376;376;752
  Vertemate con Minoprio;2047;2100;4147
  Villa Guardia;3885;4066;7951
  Zelbio;105;90;195
  Albaredo per San Marco;156;130;286
  Albosaggia;1519;1482;3001
  Andalo Valtellino;297;290;587
  Aprica;768;775;1543
  Ardenno;1634;1617;3251
  Bema;59;57;116
  Berbenno di Valtellina;2034;2036;4070
  Bianzone;644;649;1293
  Bormio;2060;2100;4160
  Buglio in Monte;989;997;1986
  Caiolo;537;546;1083
  Campodolcino;464;466;930
  Caspoggio;674;693;1367
  Castello dell'Acqua;305;308;613
  Castione Andevenno;790;777;1567
  Cedrasco;208;219;427
  Cercino;400;391;791
  Chiavenna;3447;3846;7293
  Chiesa in Valmalenco;1200;1219;2419
  Chiuro;1196;1319;2515
  Cino;175;167;342
  Civo;582;541;1123
  Colorina;687;683;1370
  Cosio Valtellino;2731;2714;5445
  Dazio;210;247;457
  Delebio;1686;1636;3322
  Dubino;1817;1825;3642
  Faedo Valtellino;274;279;553
  Forcola;389;408;797
  Fusine;281;279;560
  Gerola Alta;92;65;157
  Gordona;970;979;1949
  Grosio;2124;2333;4457
  Grosotto;826;840;1666
  Lanzada;672;627;1299
  Livigno;3475;3282;6757
  Lovero;324;307;631
  Madesimo;274;255;529
  Mantello;362;375;737
  Mazzo di Valtellina;488;510;998
  Mello;479;462;941
  Mese;899;926;1825
  Montagna in Valtellina;1428;1538;2966
  Morbegno;6048;6410;12458
  Novate Mezzola;916;967;1883
  Pedesina;21;16;37
  Piantedo;701;703;1404
  Piateda;1011;1128;2139
  Piuro;960;955;1915
  Poggiridenti;906;945;1851
  Ponte in Valtellina;1090;1145;2235
  Postalesio;325;331;656
  Prata Camportaccio;1490;1468;2958
  Rasura;151;138;289
  Rogolo;276;268;544
  Samolaco;1403;1481;2884
  San Giacomo Filippo;179;172;351
  Sernio;242;245;487
  Sondalo;1969;2058;4027
  Sondrio;10062;11415;21477
  Spriana;40;41;81
  Talamona;2279;2363;4642
  Tartano;108;87;195
  Teglio;2218;2279;4497
  Tirano;4301;4652;8953
  Torre di Santa Maria;371;379;750
  Tovo di Sant'Agata;330;315;645
  Traona;1433;1401;2834
  Tresivio;984;1014;1998
  Val Masino;455;421;876
  Valdidentro;2116;2050;4166
  Valdisotto;1816;1805;3621
  Valfurva;1253;1289;2542
  Verceia;533;539;1072
  Vervio;114;100;214
  Villa di Chiavenna;492;470;962
  Villa di Tirano;1465;1496;2961
  Abbiategrasso;15865;16703;32568
  Albairate;2333;2376;4709
  Arconate;3261;3388;6649
  Arese;9308;9987;19295
  Arluno;6082;6142;12224
  Assago;4409;4513;8922
  Baranzate;6122;5716;11838
  Bareggio;8402;8759;17161
  Basiano;1821;1846;3667
  Basiglio;3872;4077;7949
  Bellinzago Lombardo;1880;1957;3837
  Bernate Ticino;1508;1544;3052
  Besate;1023;1023;2046
  Binasco;3430;3739;7169
  Boffalora sopra Ticino;2038;2067;4105
  Bollate;17343;18844;36187
  Bresso;12729;13647;26376
  Bubbiano;1206;1203;2409
  Buccinasco;13029;13788;26817
  Buscate;2256;2341;4597
  Bussero;4047;4344;8391
  Busto Garolfo;6867;6996;13863
  Calvignasco;599;606;1205
  Cambiago;3519;3509;7028
  Canegrate;6101;6434;12535
  Carpiano;2124;2004;4128
  Carugate;7698;7854;15552
  Casarile;1974;2036;4010
  Casorezzo;2656;2770;5426
  Cassano d'Adda;9233;9529;18762
  Cassina de' Pecchi;6770;7143;13913
  Cassinetta di Lugagnano;890;935;1825
  Castano Primo;5517;5599;11116
  Cernusco sul Naviglio;16721;18107;34828
  Cerro al Lambro;2515;2563;5078
  Cerro Maggiore;7405;7787;15192
  Cesano Boscone;11434;12025;23459
  Cesate;7046;7315;14361
  Cinisello Balsamo;36271;37871;74142
  Cisliano;2409;2441;4850
  Cologno Monzese;22773;24227;47000
  Colturano;1016;1008;2024
  Corbetta;9102;9361;18463
  Cormano;9809;10539;20348
  Cornaredo;9805;10233;20038
  Corsico;16171;17498;33669
  Cuggiono;4045;4143;8188
  Cusago;2101;2124;4225
  Cusano Milanino;8730;9605;18335
  Dairago;3163;3242;6405
  Dresano;1477;1514;2991
  Gaggiano;4426;4669;9095
  Garbagnate Milanese;13192;13888;27080
  Gessate;4313;4364;8677
  Gorgonzola;9929;10595;20524
  Grezzago;1549;1496;3045
  Gudo Visconti;777;825;1602
  Inveruno;4195;4399;8594
  Inzago;5547;5711;11258
  Lacchiarella;4388;4595;8983
  Lainate;12593;13120;25713
  Legnano;28608;30700;59308
  Liscate;2081;2009;4090
  Locate di Triulzi;5062;5256;10318
  Magenta;11682;12400;24082
  Magnago;4565;4663;9228
  Marcallo con Casone;3007;3128;6135
  Masate;1799;1790;3589
  Mediglia;5975;6005;11980
  Melegnano;8671;9595;18266
  Melzo;8793;9552;18345
  Mesero;2115;2097;4212
  Milano;676973;729269;1406242
  Morimondo;516;532;1048
  Motta Visconti;3923;4087;8010
  Nerviano;8246;8724;16970
  Nosate;313;332;645
  Novate Milanese;9624;10513;20137
  Noviglio;2282;2222;4504
  Opera;6665;7298;13963
  Ossona;2155;2135;4290
  Ozzero;701;723;1424
  Paderno Dugnano;22998;24382;47380
  Pantigliate;2845;2967;5812
  Parabiago;13826;14291;28117
  Paullo;5505;5667;11172
  Pero;5506;5721;11227
  Peschiera Borromeo;11632;12114;23746
  Pessano con Bornago;4472;4573;9045
  Pieve Emanuele;7798;7810;15608
  Pioltello;18212;18225;36437
  Pogliano Milanese;4173;4202;8375
  Pozzo d'Adda;3167;3049;6216
  Pozzuolo Martesana;4144;4346;8490
  Pregnana Milanese;3644;3692;7336
  Rescaldina;6963;7171;14134
  Rho;24206;25847;50053
  Robecchetto con Induno;2379;2444;4823
  Robecco sul Naviglio;3338;3435;6773
  Rodano;2270;2297;4567
  Rosate;2882;2882;5764
  Rozzano;20225;21422;41647
  San Colombano al Lambro;3629;3815;7444
  San Donato Milanese;15676;16696;32372
  San Giorgio su Legnano;3278;3411;6689
  San Giuliano Milanese;18927;19168;38095
  San Vittore Olona;3982;4279;8261
  San Zenone al Lambro;2209;2190;4399
  Santo Stefano Ticino;2502;2504;5006
  Sedriano;6181;6174;12355
  Segrate;17194;18403;35597
  Senago;10702;10976;21678
  Sesto San Giovanni;39409;42297;81706
  Settala;3674;3695;7369
  Settimo Milanese;9644;10170;19814
  Solaro;6942;7048;13990
  Trezzano Rosa;2601;2585;5186
  Trezzano sul Naviglio;10259;10803;21062
  Trezzo sull'Adda;5863;6147;12010
  Tribiano;1824;1778;3602
  Truccazzano;2994;2810;5804
  Turbigo;3519;3600;7119
  Vanzaghello;2538;2702;5240
  Vanzago;4529;4758;9287
  Vaprio d'Adda;4576;4556;9132
  Vermezzo;0;0;0
  Vermezzo con Zelo;2842;2912;5754
  Vernate;1662;1630;3292
  Vignate;4588;4674;9262
  Villa Cortese;3022;3167;6189
  Vimodrone;8199;8657;16856
  Vittuone;4360;4603;8963
  Vizzolo Predabissi;1959;2037;3996
  Zelo Surrigone;0;0;0
  Zibido San Giacomo;3386;3406;6792
  Adrara San Martino;1145;1040;2185
  Adrara San Rocco;417;392;809
  Albano Sant'Alessandro;4163;4152;8315
  Albino;8750;9018;17768
  Algua;333;326;659
  Almè;2685;2848;5533
  Almenno San Bartolomeo;3156;3197;6353
  Almenno San Salvatore;2751;2909;5660
  Alzano Lombardo;6621;6911;13532
  Ambivere;1224;1155;2379
  Antegnate;1621;1588;3209
  Arcene;2432;2385;4817
  Ardesio;1729;1707;3436
  Arzago d'Adda;1364;1346;2710
  Averara;96;86;182
  Aviatico;311;248;559
  Azzano San Paolo;3677;3883;7560
  Azzone;196;190;386
  Bagnatica;2177;2181;4358
  Barbata;344;345;689
  Bariano;2167;2026;4193
  Barzana;1036;951;1987
  Bedulita;342;369;711
  Berbenno;1218;1250;2468
  Bergamo;57164;63619;120783
  Berzo San Fermo;714;685;1399
  Bianzano;290;299;589
  Blello;35;41;76
  Bolgare;3226;3135;6361
  Boltiere;3158;3014;6172
  Bonate Sopra;4960;5024;9984
  Bonate Sotto;3302;3328;6630
  Borgo di Terzo;589;562;1151
  Bossico;500;498;998
  Bottanuco;2543;2518;5061
  Bracca;355;351;706
  Branzi;345;354;699
  Brembate;4313;4191;8504
  Brembate di Sopra;3934;3960;7894
  Brignano Gera d'Adda;2986;3069;6055
  Brumano;65;48;113
  Brusaporto;2762;2821;5583
  Calcinate;3070;2888;5958
  Calcio;2751;2572;5323
  Calusco d'Adda;4135;4125;8260
  Calvenzano;2130;2165;4295
  Camerata Cornello;293;305;598
  Canonica d'Adda;2180;2073;4253
  Capizzone;600;602;1202
  Capriate San Gervasio;4065;4053;8118
  Caprino Bergamasco;1578;1500;3078
  Caravaggio;8004;8258;16262
  Carobbio degli Angeli;2395;2365;4760
  Carona;139;160;299
  Carvico;2298;2386;4684
  Casazza;1959;1994;3953
  Casirate d'Adda;1998;2013;4011
  Casnigo;1626;1568;3194
  Cassiglio;50;62;112
  Castel Rozzone;1397;1437;2834
  Castelli Calepio;5142;5120;10262
  Castione della Presolana;1693;1686;3379
  Castro;648;638;1286
  Cavernago;1308;1312;2620
  Cazzano Sant'Andrea;828;811;1639
  Cenate Sopra;1282;1268;2550
  Cenate Sotto;1940;1929;3869
  Cene;2083;2096;4179
  Cerete;779;807;1586
  Chignolo d'Isola;1764;1656;3420
  Chiuduno;3071;3011;6082
  Cisano Bergamasco;3102;3159;6261
  Ciserano;2830;2612;5442
  Cividate al Piano;2586;2502;5088
  Clusone;4188;4422;8610
  Colere;564;560;1124
  Cologno al Serio;5596;5484;11080
  Colzate;830;822;1652
  Comun Nuovo;2233;2155;4388
  Corna Imagna;480;453;933
  Cornalba;162;135;297
  Cortenuova;954;973;1927
  Costa di Mezzate;1662;1638;3300
  Costa Serina;469;435;904
  Costa Valle Imagna;285;271;556
  Costa Volpino;4464;4644;9108
  Covo;2083;2017;4100
  Credaro;1778;1767;3545
  Curno;3656;3806;7462
  Cusio;120;105;225
  Dalmine;11682;11929;23611
  Dossena;468;429;897
  Endine Gaiano;1728;1679;3407
  Entratico;1027;978;2005
  Fara Gera d'Adda;3924;3980;7904
  Fara Olivana con Sola;668;607;1275
  Filago;1538;1556;3094
  Fino del Monte;582;550;1132
  Fiorano al Serio;1450;1541;2991
  Fontanella;2353;2349;4702
  Fonteno;286;279;565
  Foppolo;108;79;187
  Foresto Sparso;1557;1516;3073
  Fornovo San Giovanni;1692;1710;3402
  Fuipiano Valle Imagna;99;108;207
  Gandellino;523;475;998
  Gandino;2636;2725;5361
  Gandosso;752;707;1459
  Gaverina Terme;427;416;843
  Gazzaniga;2404;2585;4989
  Ghisalba;3076;3035;6111
  Gorlago;2594;2564;5158
  Gorle;3151;3396;6547
  Gorno;764;751;1515
  Grassobbio;3302;3215;6517
  Gromo;622;569;1191
  Grone;444;432;876
  Grumello del Monte;3656;3766;7422
  Isola di Fondra;89;83;172
  Isso;329;313;642
  Lallio;2027;2099;4126
  Leffe;2214;2203;4417
  Lenna;283;296;579
  Levate;1870;1855;3725
  Locatello;424;404;828
  Lovere;2377;2775;5152
  Lurano;1450;1414;2864
  Luzzana;457;430;887
  Madone;2042;1997;4039
  Mapello;3482;3394;6876
  Martinengo;5390;5263;10653
  Medolago;1196;1178;2374
  Mezzoldo;81;80;161
  Misano di Gera d'Adda;1465;1484;2949
  Moio de' Calvi;106;99;205
  Monasterolo del Castello;575;570;1145
  Montello;1681;1586;3267
  Morengo;1215;1285;2500
  Mornico al Serio;1440;1471;2911
  Mozzanica;2236;2204;4440
  Mozzo;3636;3739;7375
  Nembro;5695;5777;11472
  Olmo al Brembo;248;246;494
  Oltre il Colle;518;476;994
  Oltressenda Alta;77;68;145
  Oneta;289;293;582
  Onore;446;458;904
  Orio al Serio;849;846;1695
  Ornica;73;73;146
  Osio Sopra;2617;2642;5259
  Osio Sotto;6328;6232;12560
  Pagazzano;1089;1010;2099
  Paladina;1997;2037;4034
  Palazzago;2285;2194;4479
  Palosco;2838;2871;5709
  Parre;1331;1374;2705
  Parzanica;187;170;357
  Pedrengo;2996;2998;5994
  Peia;878;909;1787
  Pianico;720;726;1446
  Piario;534;532;1066
  Piazza Brembana;585;617;1202
  Piazzatorre;197;194;391
  Piazzolo;42;47;89
  Pognano;817;772;1589
  Ponte Nossa;876;896;1772
  Ponte San Pietro;5718;5772;11490
  Ponteranica;3368;3405;6773
  Pontida;1686;1650;3336
  Pontirolo Nuovo;2514;2460;4974
  Pradalunga;2299;2288;4587
  Predore;901;949;1850
  Premolo;578;520;1098
  Presezzo;2363;2471;4834
  Pumenengo;841;844;1685
  Ranica;2928;3035;5963
  Ranzanico;624;609;1233
  Riva di Solto;473;444;917
  Rogno;1874;1905;3779
  Romano di Lombardia;10291;10135;20426
  Roncobello;218;205;423
  Roncola;396;398;794
  Rota d'Imagna;456;464;920
  Rovetta;2060;2109;4169
  San Giovanni Bianco;2388;2346;4734
  San Paolo d'Argon;2857;2850;5707
  San Pellegrino Terme;2333;2508;4841
  Santa Brigida;270;270;540
  Sant'Omobono Terme;1950;1928;3878
  Sarnico;3240;3482;6722
  Scanzorosciate;4871;4997;9868
  Schilpario;558;597;1155
  Sedrina;1320;1188;2508
  Selvino;1038;989;2027
  Seriate;12200;12728;24928
  Serina;1047;996;2043
  Solto Collina;908;901;1809
  Solza;1037;984;2021
  Songavazzo;357;353;710
  Sorisole;4523;4551;9074
  Sotto il Monte Giovanni XXIII;2265;2236;4501
  Sovere;2566;2668;5234
  Spinone al Lago;483;508;991
  Spirano;2844;2838;5682
  Stezzano;6521;6663;13184
  Strozza;556;504;1060
  Suisio;1916;1871;3787
  Taleggio;291;255;546
  Tavernola Bergamasca;1029;996;2025
  Telgate;2626;2394;5020
  Terno d'Isola;4019;3996;8015
  Torre Boldone;4229;4545;8774
  Torre de' Busi;1100;1081;2181
  Torre de' Roveri;1206;1239;2445
  Torre Pallavicina;560;544;1104
  Trescore Balneario;4811;4836;9647
  Treviglio;14841;15604;30445
  Treviolo;5282;5489;10771
  Ubiale Clanezzo;705;676;1381
  Urgnano;5049;4801;9850
  Valbondione;496;515;1011
  Valbrembo;2158;2229;4387
  Val Brembilla;2147;2104;4251
  Valgoglio;301;295;596
  Valleve;71;60;131
  Valnegra;109;104;213
  Valtorta;134;126;260
  Vedeseta;104;88;192
  Verdellino;3881;3587;7468
  Verdello;4127;4001;8128
  Vertova;2229;2327;4556
  Viadanica;556;564;1120
  Vigano San Martino;683;656;1339
  Vigolo;296;284;580
  Villa d'Adda;2225;2359;4584
  Villa d'Almè;3299;3362;6661
  Villa di Serio;3366;3387;6753
  Villa d'Ogna;895;945;1840
  Villongo;4118;3872;7990
  Vilminore di Scalve;721;726;1447
  Zandobbio;1384;1331;2715
  Zanica;4337;4367;8704
  Zogno;4298;4463;8761
  Acquafredda;718;786;1504
  Adro;3577;3618;7195
  Agnosine;864;807;1671
  Alfianello;1208;1198;2406
  Anfo;253;211;464
  Angolo Terme;1181;1162;2343
  Artogne;1795;1758;3553
  Azzano Mella;1737;1633;3370
  Bagnolo Mella;6150;6306;12456
  Bagolino;1906;1912;3818
  Barbariga;1177;1136;2313
  Barghe;617;543;1160
  Bassano Bresciano;1179;1126;2305
  Bedizzole;5974;6095;12069
  Berlingo;1429;1334;2763
  Berzo Demo;820;775;1595
  Berzo Inferiore;1229;1240;2469
  Bienno;1865;1905;3770
  Bione;661;678;1339
  Borgo San Giacomo;2719;2674;5393
  Borgosatollo;4573;4591;9164
  Borno;1289;1351;2640
  Botticino;5225;5512;10737
  Bovegno;1031;1062;2093
  Bovezzo;3657;3855;7512
  Brandico;868;821;1689
  Braone;346;338;684
  Breno;2328;2464;4792
  Brescia;93600;102740;196340
  Brione;376;350;726
  Caino;1082;1027;2109
  Calcinato;6586;6463;13049
  Calvagese della Riviera;1757;1771;3528
  Calvisano;4283;4169;8452
  Capo di Ponte;1178;1268;2446
  Capovalle;168;181;349
  Capriano del Colle;2325;2256;4581
  Capriolo;4631;4697;9328
  Carpenedolo;6473;6437;12910
  Castegnato;4207;4170;8377
  Castel Mella;5479;5420;10899
  Castelcovati;3345;3289;6634
  Castenedolo;5725;5750;11475
  Casto;860;809;1669
  Castrezzato;3655;3729;7384
  Cazzago San Martino;5477;5573;11050
  Cedegolo;562;578;1140
  Cellatica;2356;2495;4851
  Cerveno;349;308;657
  Ceto;895;908;1803
  Cevo;437;405;842
  Chiari;9526;9709;19235
  Cigole;756;764;1520
  Cimbergo;269;265;534
  Cividate Camuno;1395;1332;2727
  Coccaglio;4369;4384;8753
  Collebeato;2227;2370;4597
  Collio;1041;993;2034
  Cologne;3733;3800;7533
  Comezzano-Cizzago;2045;1938;3983
  Concesio;7642;7928;15570
  Corte Franca;3597;3571;7168
  Corteno Golgi;951;977;1928
  Corzano;696;713;1409
  Darfo Boario Terme;7772;7916;15688
  Dello;2782;2762;5544
  Desenzano del Garda;13872;15378;29250
  Edolo;2191;2259;4450
  Erbusco;4351;4244;8595
  Esine;2585;2626;5211
  Fiesse;1016;996;2012
  Flero;4370;4464;8834
  Gambara;2349;2307;4656
  Gardone Riviera;1295;1335;2630
  Gardone Val Trompia;5687;5808;11495
  Gargnano;1344;1471;2815
  Gavardo;6169;6067;12236
  Ghedi;9301;9143;18444
  Gianico;1065;1094;2159
  Gottolengo;2477;2565;5042
  Gussago;8070;8464;16534
  Idro;942;957;1899
  Incudine;175;184;359
  Irma;71;57;128
  Iseo;4374;4735;9109
  Isorella;2069;2009;4078
  Lavenone;261;249;510
  Leno;7030;6942;13972
  Limone sul Garda;554;587;1141
  Lodrino;857;788;1645
  Lograto;1887;1887;3774
  Lonato del Garda;8221;8401;16622
  Longhena;296;261;557
  Losine;303;308;611
  Lozio;187;199;386
  Lumezzane;10867;11024;21891
  Maclodio;739;720;1459
  Magasa;61;48;109
  Mairano;1768;1707;3475
  Malegno;1009;996;2005
  Malonno;1532;1595;3127
  Manerba del Garda;2647;2648;5295
  Manerbio;6429;6738;13167
  Marcheno;2134;2134;4268
  Marmentino;336;323;659
  Marone;1522;1623;3145
  Mazzano;6148;6250;12398
  Milzano;867;852;1719
  Moniga del Garda;1256;1325;2581
  Monno;247;272;519
  Monte Isola;832;854;1686
  Monticelli Brusati;2284;2249;4533
  Montichiari;12912;12862;25774
  Montirone;2589;2483;5072
  Mura;388;390;778
  Muscoline;1357;1296;2653
  Nave;5180;5307;10487
  Niardo;992;1020;2012
  Nuvolento;1882;2018;3900
  Nuvolera;2323;2357;4680
  Odolo;920;996;1916
  Offlaga;2052;1991;4043
  Ome;1541;1653;3194
  Ono San Pietro;476;501;977
  Orzinuovi;6215;6217;12432
  Orzivecchi;1254;1220;2474
  Ospitaletto;7266;6991;14257
  Ossimo;754;780;1534
  Padenghe sul Garda;2262;2399;4661
  Paderno Franciacorta;1811;1834;3645
  Paisco Loveno;85;90;175
  Paitone;1080;1042;2122
  Palazzolo sull'Oglio;10066;10059;20125
  Paratico;2422;2392;4814
  Paspardo;315;286;601
  Passirano;3433;3541;6974
  Pavone del Mella;1388;1342;2730
  Pertica Alta;289;252;541
  Pertica Bassa;298;306;604
  Pezzaze;745;720;1465
  Pian Camuno;2387;2355;4742
  Piancogno;2374;2310;4684
  Pisogne;3929;3992;7921
  Polaveno;1250;1215;2465
  Polpenazze del Garda;1314;1338;2652
  Pompiano;1877;1866;3743
  Poncarale;2582;2627;5209
  Ponte di Legno;850;907;1757
  Pontevico;3283;3737;7020
  Pontoglio;3427;3424;6851
  Pozzolengo;1779;1764;3543
  Pralboino;1463;1413;2876
  Preseglie;785;748;1533
  Prevalle;3403;3399;6802
  Provaglio d'Iseo;3565;3662;7227
  Provaglio Val Sabbia;468;423;891
  Puegnago del Garda;1687;1765;3452
  Quinzano d'Oglio;3083;3104;6187
  Remedello;1697;1680;3377
  Rezzato;6539;6752;13291
  Roccafranca;2404;2381;4785
  Rodengo Saiano;4773;4977;9750
  Roè Volciano;2131;2279;4410
  Roncadelle;4645;4713;9358
  Rovato;9678;9288;18966
  Rudiano;2954;2839;5793
  Sabbio Chiese;2004;1965;3969
  Sale Marasino;1632;1713;3345
  Salò;4924;5597;10521
  San Felice del Benaco;1670;1756;3426
  San Gervasio Bresciano;1294;1340;2634
  San Paolo;2235;2220;4455
  San Zeno Naviglio;2328;2376;4704
  Sarezzo;6532;6715;13247
  Saviore dell'Adamello;418;451;869
  Sellero;716;719;1435
  Seniga;715;723;1438
  Serle;1511;1541;3052
  Sirmione;3871;4250;8121
  Soiano del Lago;955;938;1893
  Sonico;624;616;1240
  Sulzano;972;972;1944
  Tavernole sul Mella;626;609;1235
  Temù;568;556;1124
  Tignale;576;633;1209
  Torbole Casaglia;3228;3164;6392
  Toscolano-Maderno;3729;3981;7710
  Travagliato;6776;6952;13728
  Tremosine sul Garda;1034;1028;2062
  Trenzano;2737;2684;5421
  Treviso Bresciano;258;264;522
  Urago d'Oglio;1908;1794;3702
  Vallio Terme;719;718;1437
  Valvestino;89;89;178
  Verolanuova;4010;4066;8076
  Verolavecchia;1922;1834;3756
  Vestone;2109;2141;4250
  Vezza d'Oglio;716;746;1462
  Villa Carcina;5225;5378;10603
  Villachiara;686;700;1386
  Villanuova sul Clisi;2821;2966;5787
  Vione;317;340;657
  Visano;1016;982;1998
  Vobarno;4162;4028;8190
  Zone;526;529;1055
  Alagna;412;400;812
  Albaredo Arnaboldi;130;109;239
  Albonese;249;277;526
  Albuzzano;1785;1800;3585
  Arena Po;783;765;1548
  Badia Pavese;184;176;360
  Bagnaria;311;332;643
  Barbianello;425;422;847
  Bascapè;929;822;1751
  Bastida Pancarana;484;468;952
  Battuda;339;321;660
  Belgioioso;2999;3209;6208
  Bereguardo;1435;1443;2878
  Borgarello;1302;1330;2632
  Borgo Priolo;708;654;1362
  Borgo San Siro;469;465;934
  Borgoratto Mormorolo;193;216;409
  Bornasco;1358;1294;2652
  Bosnasco;318;305;623
  Brallo di Pregola;282;252;534
  Breme;356;375;731
  Bressana Bottarone;1712;1765;3477
  Broni;4463;4958;9421
  Calvignano;52;54;106
  Campospinoso;506;572;1078
  Candia Lomellina;757;744;1501
  Canevino;0;0;0
  Canneto Pavese;664;692;1356
  Carbonara al Ticino;706;720;1426
  Casanova Lonati;239;207;446
  Casatisma;441;434;875
  Casei Gerola;1235;1220;2455
  Casorate Primo;4412;4379;8791
  Cassolnovo;3385;3493;6878
  Castana;360;366;726
  Casteggio;3159;3506;6665
  Castelletto di Branduzzo;544;494;1038
  Castello d'Agogna;562;543;1105
  Castelnovetto;254;277;531
  Cava Manara;3248;3450;6698
  Cecima;116;110;226
  Ceranova;1130;1103;2233
  Ceretto Lomellina;81;98;179
  Cergnago;341;363;704
  Certosa di Pavia;2734;2700;5434
  Cervesina;549;629;1178
  Chignolo Po;1953;1962;3915
  Cigognola;619;679;1298
  Cilavegna;2615;2752;5367
  Codevilla;453;502;955
  Colli Verdi;545;529;1074
  Confienza;775;798;1573
  Copiano;860;866;1726
  Corana;382;388;770
  Cornale e Bastida;418;429;847
  Corteolona e Genzone;1247;1260;2507
  Corvino San Quirico;486;533;1019
  Costa de' Nobili;199;192;391
  Cozzo;185;179;364
  Cura Carpignano;2428;2529;4957
  Dorno;2279;2277;4556
  Ferrera Erbognone;560;531;1091
  Filighera;402;402;804
  Fortunago;189;167;356
  Frascarolo;554;599;1153
  Galliavola;87;92;179
  Gambarana;97;108;205
  Gambolò;4839;4950;9789
  Garlasco;4644;4915;9559
  Gerenzago;693;704;1397
  Giussago;2659;2622;5281
  Godiasco Salice Terme;1535;1699;3234
  Golferenzo;103;85;188
  Gravellona Lomellina;1327;1407;2734
  Gropello Cairoli;2121;2256;4377
  Inverno e Monteleone;741;722;1463
  Landriano;3156;3207;6363
  Langosco;173;183;356
  Lardirago;596;548;1144
  Linarolo;1402;1403;2805
  Lirio;65;59;124
  Lomello;1005;1094;2099
  Lungavilla;1152;1284;2436
  Magherno;865;858;1723
  Marcignago;1213;1237;2450
  Marzano;839;798;1637
  Mede;3045;3281;6326
  Menconico;179;177;356
  Mezzana Bigli;532;516;1048
  Mezzana Rabattone;229;242;471
  Mezzanino;665;681;1346
  Miradolo Terme;1897;1864;3761
  Montalto Pavese;446;426;872
  Montebello della Battaglia;761;764;1525
  Montecalvo Versiggia;256;260;516
  Montescano;191;212;403
  Montesegale;141;130;271
  Monticelli Pavese;357;323;680
  Montù Beccaria;830;815;1645
  Mornico Losana;308;314;622
  Mortara;7396;7870;15266
  Nicorvo;142;142;284
  Olevano di Lomellina;353;363;716
  Oliva Gessi;79;86;165
  Ottobiano;532;555;1087
  Palestro;921;922;1843
  Pancarana;160;148;308
  Parona;986;926;1912
  Pavia;34305;37577;71882
  Pietra de' Giorgi;406;394;800
  Pieve Albignola;412;453;865
  Pieve del Cairo;892;924;1816
  Pieve Porto Morone;1328;1306;2634
  Pinarolo Po;828;883;1711
  Pizzale;347;351;698
  Ponte Nizza;386;395;781
  Portalbera;722;752;1474
  Rea;190;218;408
  Redavalle;525;502;1027
  Retorbido;737;818;1555
  Rivanazzano Terme;2511;2746;5257
  Robbio;2800;3005;5805
  Robecco Pavese;271;268;539
  Rocca de' Giorgi;44;37;81
  Rocca Susella;104;105;209
  Rognano;311;310;621
  Romagnese;328;306;634
  Roncaro;783;766;1549
  Rosasco;282;273;555
  Rovescala;420;442;862
  Ruino;0;0;0
  San Cipriano Po;250;232;482
  San Damiano al Colle;325;315;640
  San Genesio ed Uniti;1923;2033;3956
  San Giorgio di Lomellina;533;522;1055
  San Martino Siccomario;3093;3266;6359
  San Zenone al Po;274;268;542
  Sannazzaro de' Burgondi;2598;2653;5251
  Santa Cristina e Bissone;967;917;1884
  Santa Giuletta;762;810;1572
  Santa Margherita di Staffora;243;231;474
  Santa Maria della Versa;1093;1191;2284
  Sant'Alessio con Vialone;489;475;964
  Sant'Angelo Lomellina;390;387;777
  Sartirana Lomellina;730;802;1532
  Scaldasole;430;448;878
  Semiana;103;100;203
  Silvano Pietra;330;327;657
  Siziano;3075;3140;6215
  Sommo;577;586;1163
  Spessa;257;267;524
  Stradella;5636;6053;11689
  Suardi;310;303;613
  Torrazza Coste;793;812;1605
  Torre Beretti e Castellaro;291;253;544
  Torre d'Arese;487;442;929
  Torre de' Negri;153;163;316
  Torre d'Isola;1173;1224;2397
  Torrevecchia Pia;1784;1728;3512
  Torricella Verzate;403;417;820
  Travacò Siccomario;2155;2268;4423
  Trivolzio;1173;1140;2313
  Tromello;1818;1888;3706
  Trovo;528;488;1016
  Val di Nizza;294;296;590
  Valeggio;111;98;209
  Valle Lomellina;1080;1024;2104
  Valle Salimbene;724;741;1465
  Valverde;0;0;0
  Varzi;1520;1599;3119
  Velezzo Lomellina;53;45;98
  Vellezzo Bellini;1681;1647;3328
  Verretto;191;183;374
  Verrua Po;604;637;1241
  Vidigulfo;3210;3284;6494
  Vigevano;30532;32437;62969
  Villa Biscossi;29;35;64
  Villanova d'Ardenghi;392;384;776
  Villanterio;1699;1665;3364
  Vistarino;782;755;1537
  Voghera;18706;20300;39006
  Volpara;65;55;120
  Zavattarello;488;488;976
  Zeccone;819;865;1684
  Zeme;516;469;985
  Zenevredo;236;238;474
  Zerbo;177;214;391
  Zerbolò;862;853;1715
  Zinasco;1508;1625;3133
  Acquanegra Cremonese;563;590;1153
  Agnadello;1962;1923;3885
  Annicco;984;1008;1992
  Azzanello;290;311;601
  Bagnolo Cremasco;2436;2434;4870
  Bonemerse;725;732;1457
  Bordolano;292;281;573
  Ca' d'Andrea;0;0;0
  Calvatone;605;559;1164
  Camisano;618;615;1233
  Campagnola Cremasca;329;343;672
  Capergnanica;1083;1083;2166
  Cappella Cantone;266;280;546
  Cappella de' Picenardi;208;211;419
  Capralba;1164;1149;2313
  Casalbuttano ed Uniti;1834;1956;3790
  Casale Cremasco-Vidolasco;960;904;1864
  Casaletto Ceredano;577;565;1142
  Casaletto di Sopra;265;250;515
  Casaletto Vaprio;882;935;1817
  Casalmaggiore;7706;7700;15406
  Casalmorano;795;829;1624
  Castel Gabbiano;239;205;444
  Casteldidone;299;267;566
  Castelleone;4659;4709;9368
  Castelverde;2774;2811;5585
  Castelvisconti;158;148;306
  Cella Dati;240;238;478
  Chieve;1132;1139;2271
  Cicognolo;429;464;893
  Cingia de' Botti;599;592;1191
  Corte de' Cortesi con Cignone;549;526;1075
  Corte de' Frati;688;660;1348
  Credera Rubbiano;779;786;1565
  Crema;16637;17867;34504
  Cremona;34942;37457;72399
  Cremosano;880;847;1727
  Crotta d'Adda;323;312;635
  Cumignano sul Naviglio;226;206;432
  Derovere;157;145;302
  Dovera;1879;1869;3748
  Drizzona;0;0;0
  Fiesco;598;615;1213
  Formigara;514;523;1037
  Gabbioneta-Binanuova;440;437;877
  Gadesco-Pieve Delmona;957;953;1910
  Genivolta;578;562;1140
  Gerre de' Caprioli;673;658;1331
  Gombito;334;290;624
  Grontardo;760;742;1502
  Grumello Cremonese ed Uniti;862;855;1717
  Gussola;1331;1357;2688
  Isola Dovarese;564;570;1134
  Izano;989;969;1958
  Madignano;1412;1406;2818
  Malagnino;837;875;1712
  Martignana di Po;1044;1022;2066
  Monte Cremasco;1128;1141;2269
  Montodine;1246;1247;2493
  Moscazzano;379;368;747
  Motta Baluffi;425;408;833
  Offanengo;2964;3024;5988
  Olmeneta;443;486;929
  Ostiano;1390;1410;2800
  Paderno Ponchielli;699;686;1385
  Palazzo Pignano;1934;1885;3819
  Pandino;4410;4468;8878
  Persico Dosimo;1677;1674;3351
  Pescarolo ed Uniti;752;758;1510
  Pessina Cremonese;315;290;605
  Piadena;0;0;0
  Piadena Drizzona;1952;1990;3942
  Pianengo;1267;1234;2501
  Pieranica;566;554;1120
  Pieve d'Olmi;631;634;1265
  Pieve San Giacomo;779;810;1589
  Pizzighettone;3092;3270;6362
  Pozzaglio ed Uniti;733;700;1433
  Quintano;441;447;888
  Ricengo;898;859;1757
  Ripalta Arpina;516;484;1000
  Ripalta Cremasca;1693;1679;3372
  Ripalta Guerina;283;244;527
  Rivarolo del Re ed Uniti;949;918;1867
  Rivolta d'Adda;3918;4060;7978
  Robecco d'Oglio;1093;1192;2285
  Romanengo;1529;1585;3114
  Salvirola;569;570;1139
  San Bassano;1052;1123;2175
  San Daniele Po;663;656;1319
  San Giovanni in Croce;926;971;1897
  San Martino del Lago;198;207;405
  Scandolara Ravara;658;665;1323
  Scandolara Ripa d'Oglio;277;260;537
  Sergnano;1763;1748;3511
  Sesto ed Uniti;1591;1650;3241
  Solarolo Rainerio;464;470;934
  Soncino;3714;3852;7566
  Soresina;4232;4435;8667
  Sospiro;1563;1554;3117
  Spinadesco;727;747;1474
  Spineda;303;307;610
  Spino d'Adda;3416;3425;6841
  Stagno Lombardo;741;754;1495
  Ticengo;204;214;418
  Torlino Vimercati;235;236;471
  Tornata;253;201;454
  Torre de' Picenardi;1038;1034;2072
  Torricella del Pizzo;303;292;595
  Trescore Cremasco;1381;1412;2793
  Trigolo;801;874;1675
  Vaiano Cremasco;1809;1821;3630
  Vailate;2257;2235;4492
  Vescovato;1916;1946;3862
  Volongo;245;238;483
  Voltido;175;164;339
  Acquanegra sul Chiese;1399;1418;2817
  Asola;4880;5143;10023
  Bagnolo San Vito;2857;2887;5744
  Bigarello;0;0;0
  Borgo Mantovano;2643;2838;5481
  Borgo Virgilio;7179;7300;14479
  Borgocarbonara;960;968;1928
  Borgofranco sul Po;0;0;0
  Bozzolo;1981;2085;4066
  Canneto sull'Oglio;2151;2135;4286
  Carbonara di Po;0;0;0
  Casalmoro;1123;1071;2194
  Casaloldo;1351;1364;2715
  Casalromano;742;760;1502
  Castel d'Ario;2176;2317;4493
  Castel Goffredo;6248;6265;12513
  Castelbelforte;1578;1590;3168
  Castellucchio;2608;2582;5190
  Castiglione delle Stiviere;11644;11826;23470
  Cavriana;1850;1924;3774
  Ceresara;1289;1267;2556
  Commessaggio;530;579;1109
  Curtatone;7227;7677;14904
  Dosolo;1650;1703;3353
  Gazoldo degli Ippoliti;1527;1454;2981
  Gazzuolo;1072;1111;2183
  Goito;5020;5087;10107
  Gonzaga;4423;4402;8825
  Guidizzolo;2960;3000;5960
  Magnacavallo;732;736;1468
  Mantova;23027;25808;48835
  Marcaria;3155;3246;6401
  Mariana Mantovana;400;406;806
  Marmirolo;3768;3920;7688
  Medole;2052;2057;4109
  Moglia;2640;2727;5367
  Monzambano;2477;2461;4938
  Motteggiana;1290;1207;2497
  Ostiglia;3163;3360;6523
  Pegognaga;3429;3535;6964
  Piubega;866;844;1710
  Poggio Rusco;3243;3253;6496
  Pomponesco;825;863;1688
  Ponti sul Mincio;1136;1180;2316
  Porto Mantovano;8081;8356;16437
  Quingentole;530;577;1107
  Quistello;2623;2759;5382
  Redondesco;606;633;1239
  Rivarolo Mantovano;1218;1232;2450
  Rodigo;2575;2659;5234
  Roncoferraro;3392;3530;6922
  Roverbella;4253;4292;8545
  Sabbioneta;2038;2072;4110
  San Benedetto Po;3385;3470;6855
  San Giacomo delle Segnate;747;766;1513
  San Giorgio Bigarello;5819;5958;11777
  San Giovanni del Dosso;612;617;1229
  San Martino dall'Argine;820;852;1672
  Schivenoglia;564;563;1127
  Sermide e Felonica;3596;3605;7201
  Serravalle a Po;715;739;1454
  Solferino;1312;1371;2683
  Sustinente;979;1059;2038
  Suzzara;10532;10666;21198
  Viadana;9837;9876;19713
  Villimpenta;1046;1090;2136
  Volta Mantovana;3551;3719;7270
  Abbadia Lariana;1553;1647;3200
  Airuno;1410;1373;2783
  Annone di Brianza;1150;1156;2306
  Ballabio;2076;2014;4090
  Barzago;1182;1201;2383
  Barzanò;2490;2544;5034
  Barzio;606;677;1283
  Bellano;1585;1639;3224
  Bosisio Parini;1684;1700;3384
  Brivio;2253;2250;4503
  Bulciago;1455;1438;2893
  Calco;2709;2718;5427
  Calolziocorte;6672;7037;13709
  Carenno;698;710;1408
  Casargo;419;428;847
  Casatenovo;6326;6640;12966
  Cassago Brianza;2199;2136;4335
  Cassina Valsassina;273;254;527
  Castello di Brianza;1328;1270;2598
  Cernusco Lombardone;1873;1951;3824
  Cesana Brianza;1188;1192;2380
  Civate;1870;1916;3786
  Colico;3915;4012;7927
  Colle Brianza;890;847;1737
  Cortenova;589;582;1171
  Costa Masnaga;2379;2390;4769
  Crandola Valsassina;135;126;261
  Cremella;844;858;1702
  Cremeno;863;777;1640
  Dervio;1279;1324;2603
  Dolzago;1256;1286;2542
  Dorio;148;160;308
  Ello;573;641;1214
  Erve;337;355;692
  Esino Lario;373;384;757
  Galbiate;4153;4336;8489
  Garbagnate Monastero;1275;1223;2498
  Garlate;1364;1340;2704
  Imbersago;1239;1216;2455
  Introbio;986;967;1953
  La Valletta Brianza;2322;2332;4654
  Lecco;23237;24821;48058
  Lierna;1063;1065;2128
  Lomagna;2506;2559;5065
  Malgrate;2102;2182;4284
  Mandello del Lario;5001;5189;10190
  Margno;188;183;371
  Merate;6937;7555;14492
  Missaglia;4368;4409;8777
  Moggio;233;242;475
  Molteno;1795;1766;3561
  Monte Marenzo;951;948;1899
  Montevecchia;1344;1346;2690
  Monticello Brianza;2002;2085;4087
  Morterone;17;13;30
  Nibionno;1797;1837;3634
  Oggiono;4440;4565;9005
  Olgiate Molgora;3156;3236;6392
  Olginate;3462;3521;6983
  Oliveto Lario;622;612;1234
  Osnago;2345;2442;4787
  Paderno d'Adda;1898;1926;3824
  Pagnona;169;166;335
  Parlasco;67;66;133
  Pasturo;978;959;1937
  Perledo;440;455;895
  Pescate;1113;1114;2227
  Premana;1117;1086;2203
  Primaluna;1125;1144;2269
  Robbiate;3109;3204;6313
  Rogeno;1580;1513;3093
  Santa Maria Hoè;1105;1061;2166
  Sirone;1143;1167;2310
  Sirtori;1414;1393;2807
  Sueglio;70;83;153
  Suello;878;906;1784
  Taceno;284;251;535
  Valgreghentino;1715;1719;3434
  Valmadrera;5586;5807;11393
  Valvarrone;268;262;530
  Varenna;371;372;743
  Vendrogno;141;147;288
  Vercurago;1342;1463;2805
  Verderio;2779;2801;5580
  Viganò;1052;1044;2096
  Abbadia Cerreto;141;134;275
  Bertonico;547;526;1073
  Boffalora d'Adda;901;852;1753
  Borghetto Lodigiano;2179;2157;4336
  Borgo San Giovanni;1225;1213;2438
  Brembio;1377;1323;2700
  Casaletto Lodigiano;1448;1440;2888
  Casalmaiocco;1574;1619;3193
  Casalpusterlengo;7416;7689;15105
  Caselle Landi;761;774;1535
  Caselle Lurani;1529;1449;2978
  Castelgerundo;752;723;1475
  Castelnuovo Bocca d'Adda;776;797;1573
  Castiglione d'Adda;2313;2304;4617
  Castiraga Vidardo;1429;1404;2833
  Cavenago d'Adda;1055;1082;2137
  Cervignano d'Adda;1088;1109;2197
  Codogno;7470;7995;15465
  Comazzo;1173;1083;2256
  Cornegliano Laudense;1401;1457;2858
  Corno Giovine;545;583;1128
  Cornovecchio;110;96;206
  Corte Palasio;785;741;1526
  Crespiatica;1154;1101;2255
  Fombio;1187;1132;2319
  Galgagnano;647;629;1276
  Graffignana;1288;1295;2583
  Guardamiglio;1356;1275;2631
  Livraga;1227;1232;2459
  Lodi;21562;23366;44928
  Lodi Vecchio;3650;3817;7467
  Maccastorna;36;28;64
  Mairago;689;695;1384
  Maleo;1491;1565;3056
  Marudo;917;851;1768
  Massalengo;2217;2165;4382
  Meleti;227;232;459
  Merlino;885;802;1687
  Montanaso Lombardo;1101;1151;2252
  Mulazzano;2918;2904;5822
  Orio Litta;993;1033;2026
  Ospedaletto Lodigiano;1018;942;1960
  Ossago Lodigiano;693;702;1395
  Pieve Fissiraga;848;857;1705
  Salerano sul Lambro;1268;1345;2613
  San Fiorano;927;913;1840
  San Martino in Strada;1876;1847;3723
  San Rocco al Porto;1631;1713;3344
  Sant'Angelo Lodigiano;6609;6767;13376
  Santo Stefano Lodigiano;941;940;1881
  Secugnago;941;987;1928
  Senna Lodigiana;911;905;1816
  Somaglia;1887;1945;3832
  Sordio;1737;1699;3436
  Tavazzano con Villavesco;2871;2990;5861
  Terranova dei Passerini;460;448;908
  Turano Lodigiano;771;767;1538
  Valera Fratta;847;848;1695
  Villanova del Sillaro;935;863;1798
  Zelo Buon Persico;3620;3780;7400
  Agrate Brianza;7491;7753;15244
  Aicurzio;1051;1054;2105
  Albiate;3080;3248;6328
  Arcore;8727;9149;17876
  Barlassina;3370;3509;6879
  Bellusco;3617;3735;7352
  Bernareggio;5648;5496;11144
  Besana in Brianza;7641;7846;15487
  Biassono;5815;6274;12089
  Bovisio-Masciago;8296;8651;16947
  Briosco;3022;3044;6066
  Brugherio;16953;17955;34908
  Burago di Molgora;2054;2206;4260
  Busnago;3333;3396;6729
  Camparada;1104;1040;2144
  Caponago;2553;2602;5155
  Carate Brianza;8650;9014;17664
  Carnate;3717;3753;7470
  Cavenago di Brianza;3668;3684;7352
  Ceriano Laghetto;3252;3319;6571
  Cesano Maderno;18966;19094;38060
  Cogliate;4175;4323;8498
  Concorezzo;7657;8078;15735
  Cornate d'Adda;5296;5302;10598
  Correzzana;1509;1486;2995
  Desio;20501;21247;41748
  Giussano;12926;13087;26013
  Lazzate;3847;3893;7740
  Lentate sul Seveso;7906;7966;15872
  Lesmo;4255;4279;8534
  Limbiate;17031;17288;34319
  Lissone;22581;23453;46034
  Macherio;3664;3771;7435
  Meda;11289;11745;23034
  Mezzago;2228;2202;4430
  Misinto;2797;2781;5578
  Monza;59912;64928;124840
  Muggiò;11597;12059;23656
  Nova Milanese;11397;11920;23317
  Ornago;2558;2629;5187
  Renate;2021;2042;4063
  Roncello;2373;2367;4740
  Ronco Briantino;1727;1768;3495
  Seregno;21762;23368;45130
  Seveso;11434;11840;23274
  Sovico;4072;4244;8316
  Sulbiate;2190;2138;4328
  Triuggio;4328;4343;8671
  Usmate Velate;5135;5236;10371
  Varedo;6603;6959;13562
  Vedano al Lambro;3587;3888;7475
  Veduggio con Colzano;2173;2144;4317
  Verano Brianza;4484;4605;9089
  Villasanta;6765;7245;14010
  Vimercate;12514;13445;25959
  Aldino/Aldein;861;817;1678
  Andriano/Andrian;531;511;1042
  Anterivo/Altrei;204;196;400
  Appiano sulla strada del vino/Eppan an der Weinstraße;7394;7495;14889
  Avelengo/Hafling;396;390;786
  Badia/Abtei;1736;1789;3525
  Barbiano/Barbian;876;874;1750
  Bolzano/Bozen;51770;56073;107843
  Braies/Prags;326;337;663
  Brennero/Brenner;1156;1088;2244
  Bressanone/Brixen;10993;11598;22591
  Bronzolo/Branzoll;1403;1396;2799
  Brunico/Bruneck;8355;8536;16891
  Caines/Kuens;192;200;392
  Caldaro sulla strada del vino/Kaltern an der Weinstraße;3899;4149;8048
  Campo di Trens/Freienfeld;1372;1295;2667
  Campo Tures/Sand in Taufers;2734;2753;5487
  Castelbello-Ciardes/Kastelbell-Tschars;1180;1116;2296
  Castelrotto/Kastelruth;3506;3416;6922
  Cermes/Tscherms;768;781;1549
  Chienes/Kiens;1490;1426;2916
  Chiusa/Klausen;2597;2613;5210
  Cornedo all'Isarco/Karneid;1765;1670;3435
  Cortaccia sulla strada del vino/Kurtatsch an der Weinstraße;1105;1106;2211
  Cortina sulla strada del vino/Kurtinig an der Weinstraße;325;326;651
  Corvara in Badia/Corvara;671;709;1380
  Curon Venosta/Graun im Vinschgau;1206;1145;2351
  Dobbiaco/Toblach;1681;1663;3344
  Egna/Neumarkt;2688;2791;5479
  Falzes/Pfalzen;1445;1447;2892
  Fiè allo Sciliar/Völs am Schlern;1756;1823;3579
  Fortezza/Franzensfeste;509;494;1003
  Funes/Villnöß;1281;1304;2585
  Gais/Gais;1701;1595;3296
  Gargazzone/Gargazon;867;891;1758
  Glorenza/Glurns;466;429;895
  La Valle/Wengen;738;680;1418
  Laces/Latsch;2601;2608;5209
  Lagundo/Algund;2417;2586;5003
  Laion/Lajen;1379;1384;2763
  Laives/Leifers;9069;9102;18171
  Lana/Lana;6050;6379;12429
  Lasa/Laas;2028;2033;4061
  Lauregno/Laurein;188;155;343
  Luson/Lüsen;768;765;1533
  Magrè sulla strada del vino/Margreid an der Weinstraße;626;650;1276
  Malles Venosta/Mals;2661;2554;5215
  Marebbe/Enneberg;1567;1540;3107
  Marlengo/Marling;1420;1376;2796
  Martello/Martell;452;379;831
  Meltina/Mölten;890;813;1703
  Merano/Meran;19754;21254;41008
  Monguelfo-Tesido/Welsberg-Taisten;1454;1476;2930
  Montagna/Montan;838;877;1715
  Moso in Passiria/Moos In Passeier;1087;970;2057
  Nalles/Nals;989;1000;1989
  Naturno/Naturns;2978;2921;5899
  Naz-Sciaves/Natz-Schabs;1626;1615;3241
  Nova Levante/Welschnofen;1041;969;2010
  Nova Ponente/Deutschnofen;2018;1954;3972
  Ora/Auer;1904;1977;3881
  Ortisei/St. Ulrich;2424;2467;4891
  Parcines/Partschins;1876;1938;3814
  Perca/Percha;817;807;1624
  Plaus/Plaus;381;359;740
  Ponte Gardena/Waidbruck;110;82;192
  Postal/Burgstall;937;979;1916
  Prato allo Stelvio/Prad am Stilfserjoch;1835;1794;3629
  Predoi/Prettau;282;268;550
  Proves/Proveis;148;110;258
  Racines/Ratschings;2324;2213;4537
  Rasun-Anterselva/Rasen-Antholz;1485;1453;2938
  Renon/Ritten;3960;4019;7979
  Rifiano/Riffian;731;678;1409
  Rio di Pusteria/Mühlbach;1572;1543;3115
  Rodengo/Rodeneck;647;616;1263
  Salorno sulla strada del vino/Salurn an der Weinstraße;1906;1896;3802
  San Candido/Innichen;1661;1726;3387
  San Genesio Atesino/Jenesien;1579;1526;3105
  San Leonardo in Passiria/St. Leonhard in Passeier;1806;1734;3540
  San Lorenzo di Sebato/St. Lorenzen;1946;1937;3883
  San Martino in Badia/St. Martin in Thurn;892;881;1773
  San Martino in Passiria/St. Martin in Passeier;1611;1617;3228
  San Pancrazio/St. Pankraz;787;754;1541
  Santa Cristina Valgardena/St. Christina in Gröden;1014;1010;2024
  Sarentino/Sarntal;3643;3519;7162
  Scena/Schenna;1458;1453;2911
  Selva dei Molini/Mühlwald;758;684;1442
  Selva di Val Gardena/Wolkenstein in Gröden;1289;1310;2599
  Senales/Schnals;639;603;1242
  Senale-San Felice/Unsere Liebe Frau im Walde-St. Felix;403;368;771
  Sesto/Sexten;930;947;1877
  Silandro/Schlanders;3050;3118;6168
  Sluderno/Schluderns;916;904;1820
  Stelvio/Stilfs;596;554;1150
  Terento/Terenten;919;860;1779
  Terlano/Terlan;2248;2294;4542
  Termeno sulla strada del vino/Tramin an der Weinstraße;1716;1744;3460
  Tesimo/Tisens;999;999;1998
  Tires/Tiers;482;532;1014
  Tirolo/Tirol;1211;1222;2433
  Trodena nel parco naturale/Truden im Naturpark;518;542;1060
  Tubre/Taufers im Münstertal;450;490;940
  Ultimo/Ulten;1478;1421;2899
  Vadena/Pfatten;552;505;1057
  Val di Vizze/Pfitsch;1549;1528;3077
  Valdaora/Olang;1593;1557;3150
  Valle Aurina/Ahrntal;3078;2945;6023
  Valle di Casies/Gsies;1183;1142;2325
  Vandoies/Vintl;1669;1644;3313
  Varna/Vahrn;2402;2401;4803
  Velturno/Feldthurns;1510;1452;2962
  Verano/Vöran;519;463;982
  Villabassa/Niederdorf;819;782;1601
  Villandro/Villanders;967;890;1857
  Vipiteno/Sterzing;3569;3513;7082
  Ala;4368;4339;8707
  Albiano;773;717;1490
  Aldeno;1550;1620;3170
  Altavalle;809;802;1611
  Altopiano della Vigolana;2554;2570;5124
  Amblar-Don;275;268;543
  Andalo;558;571;1129
  Arco;8736;9197;17933
  Avio;2036;2081;4117
  Baselga di Pinè;2550;2555;5105
  Bedollo;748;735;1483
  Besenello;1370;1348;2718
  Bieno;207;228;435
  Bleggio Superiore;789;757;1546
  Bocenago;194;193;387
  Bondone;340;320;660
  Borgo Chiese;997;1009;2006
  Borgo Lares;381;337;718
  Borgo Valsugana;3437;3556;6993
  Brentonico;2013;2013;4026
  Bresimo;128;129;257
  Brez;378;361;739
  Caderzone Terme;343;341;684
  Cagnò;169;160;329
  Calceranica al Lago;672;692;1364
  Caldes;553;555;1108
  Caldonazzo;1898;1968;3866
  Calliano;998;998;1996
  Campitello di Fassa;341;375;716
  Campodenno;770;731;1501
  Canal San Bovo;717;764;1481
  Canazei;902;996;1898
  Capriana;300;287;587
  Carano;525;556;1081
  Carisolo;473;489;962
  Carzano;254;269;523
  Castel Condino;110;114;224
  Castel Ivano;1654;1655;3309
  Castelfondo;300;301;601
  Castello Tesino;600;597;1197
  Castello-Molina di Fiemme;1167;1161;2328
  Castelnuovo;533;527;1060
  Cavalese;2000;2133;4133
  Cavareno;581;538;1119
  Cavedago;287;259;546
  Cavedine;1525;1495;3020
  Cavizzana;114;121;235
  Cembra Lisignago;1175;1131;2306
  Cimone;363;334;697
  Cinte Tesino;173;180;353
  Cis;150;161;311
  Civezzano;2018;2018;4036
  Cles;3370;3638;7008
  Cloz;344;315;659
  Comano Terme;1443;1492;2935
  Commezzadura;487;507;994
  Contà;677;715;1392
  Croviana;345;335;680
  Daiano;337;317;654
  Dambel;219;209;428
  Denno;614;616;1230
  Dimaro Folgarida;1007;1101;2108
  Drena;294;292;586
  Dro;2540;2598;5138
  Faedo;323;320;643
  Fai della Paganella;446;462;908
  Fiavè;516;553;1069
  Fierozzo;262;232;494
  Folgaria;1546;1622;3168
  Fondo;707;729;1436
  Fornace;679;640;1319
  Frassilongo;175;167;342
  Garniga Terme;216;185;401
  Giovo;1287;1269;2556
  Giustino;356;386;742
  Grigno;1047;1090;2137
  Imer;596;569;1165
  Isera;1385;1383;2768
  Lavarone;579;601;1180
  Lavis;4537;4565;9102
  Ledro;2587;2721;5308
  Levico Terme;3993;4143;8136
  Livo;410;395;805
  Lona-Lases;433;442;875
  Luserna;131;132;263
  Madruzzo;1470;1435;2905
  Malé;1082;1149;2231
  Malosco;226;215;441
  Massimeno;78;63;141
  Mazzin;292;295;587
  Mezzana;446;451;897
  Mezzano;811;797;1608
  Mezzocorona;2743;2831;5574
  Mezzolombardo;3541;3663;7204
  Moena;1305;1345;2650
  Molveno;539;577;1116
  Mori;4931;5066;9997
  Nago-Torbole;1398;1444;2842
  Nave San Rocco;0;0;0
  Nogaredo;1062;1022;2084
  Nomi;651;705;1356
  Novaledo;532;574;1106
  Ospedaletto;418;377;795
  Ossana;394;446;840
  Palù del Fersina;87;78;165
  Panchià;406;431;837
  Peio;953;890;1843
  Pellizzano;392;398;790
  Pelugo;190;210;400
  Pergine Valsugana;10540;11135;21675
  Pieve di Bono-Prezzo;716;719;1435
  Pieve Tesino;328;317;645
  Pinzolo;1532;1523;3055
  Pomarolo;1255;1206;2461
  Porte di Rendena;902;891;1793
  Predaia;3369;3352;6721
  Predazzo;2204;2319;4523
  Primiero San Martino di Castrozza;2662;2723;5385
  Rabbi;692;651;1343
  Revò;639;635;1274
  Riva del Garda;8589;9272;17861
  Romallo;309;302;611
  Romeno;715;694;1409
  Roncegno Terme;1415;1471;2886
  Ronchi Valsugana;242;221;463
  Ronzo-Chienis;534;468;1002
  Ronzone;228;210;438
  Roverè della Luna;832;820;1652
  Rovereto;19181;21058;40239
  Ruffrè-Mendola;215;197;412
  Rumo;410;399;809
  Sagron Mis;90;91;181
  Samone;293;266;559
  San Lorenzo Dorsino;779;798;1577
  San Michele all'Adige;1629;1639;3268
  Sant'Orsola Terme;583;550;1133
  Sanzeno;450;462;912
  Sarnonico;403;392;795
  Scurelle;699;711;1410
  Segonzano;690;742;1432
  Sella Giudicarie;1456;1458;2914
  San Giovanni di Fassa-Sèn Jan;1793;1798;3591
  Sfruz;191;186;377
  Soraga di Fassa;360;329;689
  Sover;421;386;807
  Spiazzo;613;641;1254
  Spormaggiore;667;598;1265
  Sporminore;350;355;705
  Stenico;634;573;1207
  Storo;2245;2338;4583
  Strembo;292;295;587
  Telve;925;1005;1930
  Telve di Sopra;307;284;591
  Tenna;516;537;1053
  Tenno;973;1033;2006
  Terragnolo;372;338;710
  Terre d'Adige;1532;1531;3063
  Terzolas;315;335;650
  Tesero;1473;1493;2966
  Tione di Trento;1796;1874;3670
  Ton;692;630;1322
  Torcegno;350;336;686
  Trambileno;741;738;1479
  Trento;58166;62475;120641
  Tre Ville;687;717;1404
  Valdaone;606;560;1166
  Valfloriana;234;232;466
  Vallarsa;709;659;1368
  Vallelaghi;2570;2572;5142
  Varena;424;425;849
  Vermiglio;899;925;1824
  Vignola-Falesina;97;78;175
  Villa Lagarina;1898;1889;3787
  Ville d'Anaunia;2392;2432;4824
  Volano;1539;1492;3031
  Zambana;0;0;0
  Ziano di Fiemme;863;915;1778
  Affi;1154;1211;2365
  Albaredo d'Adige;2626;2600;5226
  Angiari;1130;1186;2316
  Arcole;3123;3184;6307
  Badia Calavena;1335;1262;2597
  Bardolino;3467;3714;7181
  Belfiore;1644;1589;3233
  Bevilacqua;864;846;1710
  Bonavigo;1001;965;1966
  Boschi Sant'Anna;673;705;1378
  Bosco Chiesanuova;1860;1671;3531
  Bovolone;7984;8059;16043
  Brentino Belluno;693;641;1334
  Brenzone sul Garda;1143;1317;2460
  Bussolengo;10039;10424;20463
  Buttapietra;3493;3457;6950
  Caldiero;3947;3917;7864
  Caprino Veronese;4202;4374;8576
  Casaleone;2764;2779;5543
  Castagnaro;1809;1847;3656
  Castel d'Azzano;5905;6042;11947
  Castelnuovo del Garda;6541;6746;13287
  Cavaion Veronese;2919;3032;5951
  Cazzano di Tramigna;730;763;1493
  Cerea;8241;8438;16679
  Cerro Veronese;1257;1225;2482
  Cologna Veneta;4207;4260;8467
  Colognola ai Colli;4285;4293;8578
  Concamarise;558;527;1085
  Costermano sul Garda;1932;1936;3868
  Dolcè;1269;1261;2530
  Erbè;935;952;1887
  Erbezzo;410;358;768
  Ferrara di Monte Baldo;136;113;249
  Fumane;2093;2013;4106
  Garda;1983;2090;4073
  Gazzo Veronese;2588;2662;5250
  Grezzana;5448;5289;10737
  Illasi;2587;2566;5153
  Isola della Scala;5789;5704;11493
  Isola Rizza;1616;1610;3226
  Lavagno;4238;4235;8473
  Lazise;3444;3510;6954
  Legnago;12166;13064;25230
  Malcesine;1749;1913;3662
  Marano di Valpolicella;1578;1571;3149
  Mezzane di Sotto;1231;1305;2536
  Minerbe;2265;2288;4553
  Montecchia di Crosara;2233;2075;4308
  Monteforte d'Alpone;4559;4388;8947
  Mozzecane;4063;3830;7893
  Negrar di Valpolicella;8365;8485;16850
  Nogara;4191;4251;8442
  Nogarole Rocca;1935;1762;3697
  Oppeano;5146;4983;10129
  Palù;618;618;1236
  Pastrengo;1565;1579;3144
  Pescantina;8564;8658;17222
  Peschiera del Garda;5237;5595;10832
  Povegliano Veronese;3570;3673;7243
  Pressana;1284;1226;2510
  Rivoli Veronese;1098;1099;2197
  Roncà;1884;1883;3767
  Ronco all'Adige;2984;2907;5891
  Roverchiara;1333;1267;2600
  Roverè Veronese;1055;1028;2083
  Roveredo di Guà;780;808;1588
  Salizzole;1950;1869;3819
  San Bonifacio;10348;10466;20814
  San Giovanni Ilarione;2536;2442;4978
  San Giovanni Lupatoto;12193;12810;25003
  San Martino Buon Albergo;7790;7954;15744
  San Mauro di Saline;298;273;571
  San Pietro di Morubio;1563;1448;3011
  San Pietro in Cariano;6104;6590;12694
  San Zeno di Montagna;710;678;1388
  Sanguinetto;2068;2040;4108
  Sant'Ambrogio di Valpolicella;5851;6097;11948
  Sant'Anna d'Alfaedo;1324;1215;2539
  Selva di Progno;466;425;891
  Soave;3455;3619;7074
  Sommacampagna;7378;7419;14797
  Sona;8784;8881;17665
  Sorgà;1513;1481;2994
  Terrazzo;1043;1088;2131
  Torri del Benaco;1469;1561;3030
  Tregnago;2434;2477;4911
  Trevenzuolo;1424;1328;2752
  Valeggio sul Mincio;7757;7865;15622
  Velo Veronese;407;351;758
  Verona;122986;136101;259087
  Veronella;2552;2510;5062
  Vestenanova;1306;1245;2551
  Vigasio;5160;5099;10259
  Villa Bartolomea;2855;2953;5808
  Villafranca di Verona;16482;17097;33579
  Zevio;7591;7616;15207
  Zimella;2424;2379;4803
  Agugliaro;706;681;1387
  Albettone;999;1011;2010
  Alonte;813;781;1594
  Altavilla Vicentina;5930;5956;11886
  Altissimo;1115;1033;2148
  Arcugnano;3875;3872;7747
  Arsiero;1567;1517;3084
  Arzignano;12802;12520;25322
  Asiago;3099;3345;6444
  Asigliano Veneto;444;436;880
  Barbarano Mossano;3138;3216;6354
  Bassano del Grappa;20422;22351;42773
  Bolzano Vicentino;3186;3195;6381
  Breganze;4173;4407;8580
  Brendola;3274;3323;6597
  Bressanvido;1595;1602;3197
  Brogliano;2032;1977;4009
  Caldogno;5455;5807;11262
  Caltrano;1230;1260;2490
  Calvene;664;668;1332
  Camisano Vicentino;5535;5655;11190
  Campiglia dei Berici;830;852;1682
  Campolongo sul Brenta;0;0;0
  Carrè;1791;1785;3576
  Cartigliano;1867;1927;3794
  Cassola;7296;7531;14827
  Castegnero;1445;1442;2887
  Castelgomberto;3106;3018;6124
  Chiampo;6466;6163;12629
  Chiuppano;1251;1245;2496
  Cismon del Grappa;0;0;0
  Cogollo del Cengio;1553;1572;3125
  Colceresa;2930;3056;5986
  Conco;0;0;0
  Cornedo Vicentino;6004;5888;11892
  Costabissara;3803;3869;7672
  Creazzo;5472;5781;11253
  Crespadoro;698;602;1300
  Dueville;6800;7096;13896
  Enego;807;776;1583
  Fara Vicentino;1840;1849;3689
  Foza;363;319;682
  Gallio;1186;1210;2396
  Gambellara;1683;1706;3389
  Gambugliano;449;389;838
  Grisignano di Zocco;2144;2140;4284
  Grumolo delle Abbadesse;1886;1861;3747
  Isola Vicentina;5045;5169;10214
  Laghi;62;65;127
  Lastebasse;95;97;192
  Longare;2788;2780;5568
  Lonigo;8010;7924;15934
  Lugo di Vicenza;1806;1825;3631
  Lusiana;0;0;0
  Lusiana Conco;2358;2325;4683
  Malo;7326;7352;14678
  Marano Vicentino;4778;4732;9510
  Marostica;6984;7128;14112
  Mason Vicentino;0;0;0
  Molvena;0;0;0
  Monte di Malo;1392;1402;2794
  Montebello Vicentino;3268;3178;6446
  Montecchio Maggiore;11678;11328;23006
  Montecchio Precalcino;2501;2523;5024
  Montegalda;1678;1715;3393
  Montegaldella;917;884;1801
  Monteviale;1438;1427;2865
  Monticello Conte Otto;4359;4504;8863
  Montorso Vicentino;1559;1471;3030
  Mussolente;3831;3767;7598
  Nanto;1591;1517;3108
  Nogarole Vicentino;619;588;1207
  Nove;2428;2512;4940
  Noventa Vicentina;4477;4500;8977
  Orgiano;1510;1540;3050
  Pedemonte;342;386;728
  Pianezze;1063;1107;2170
  Piovene Rocchette;4027;4192;8219
  Pojana Maggiore;2131;2132;4263
  Posina;288;269;557
  Pove del Grappa;1500;1588;3088
  Pozzoleone;1452;1337;2789
  Quinto Vicentino;2836;2920;5756
  Recoaro Terme;3068;3149;6217
  Roana;2153;2093;4246
  Romano d'Ezzelino;7090;7167;14257
  Rosà;7144;7373;14517
  Rossano Veneto;4043;4099;8142
  Rotzo;322;335;657
  Salcedo;515;507;1022
  San Nazario;0;0;0
  San Pietro Mussolino;807;780;1587
  San Vito di Leguzzano;1768;1857;3625
  Sandrigo;4076;4198;8274
  Santorso;2806;2850;5656
  Sarcedo;2635;2682;5317
  Sarego;3397;3269;6666
  Schiavon;1350;1298;2648
  Schio;19041;19930;38971
  Solagna;915;939;1854
  Sossano;2154;2084;4238
  Sovizzo;3708;3809;7517
  Tezze sul Brenta;6391;6410;12801
  Thiene;11560;12277;23837
  Tonezza del Cimone;266;254;520
  Torrebelvicino;2969;2894;5863
  Torri di Quartesolo;5772;5911;11683
  Trissino;4353;4358;8711
  Val Liona;1577;1480;3057
  Valbrenta;2581;2450;5031
  Valdagno;12359;13204;25563
  Valdastico;601;645;1246
  Valli del Pasubio;1552;1508;3060
  Valstagna;0;0;0
  Velo d'Astico;1120;1158;2278
  Vicenza;52315;57540;109855
  Villaga;955;954;1909
  Villaverla;3068;3053;6121
  Zanè;3246;3386;6632
  Zermeghedo;703;668;1371
  Zovencedo;413;372;785
  Zugliano;3326;3502;6828
  Agordo;1938;2155;4093
  Alano di Piave;1342;1395;2737
  Alleghe;562;606;1168
  Alpago;3371;3420;6791
  Arsiè;1090;1139;2229
  Auronzo di Cadore;1568;1674;3242
  Belluno;16983;18692;35675
  Borca di Cadore;406;417;823
  Borgo Valbelluna;6630;6885;13515
  Calalzo di Cadore;933;986;1919
  Canale d'Agordo;524;572;1096
  Cencenighe Agordino;603;636;1239
  Cesiomaggiore;1962;1956;3918
  Chies d'Alpago;646;656;1302
  Cibiana di Cadore;178;202;380
  Colle Santa Lucia;178;174;352
  Comelico Superiore;1036;1079;2115
  Cortina d'Ampezzo;2669;3067;5736
  Danta di Cadore;227;222;449
  Domegge di Cadore;1110;1206;2316
  Falcade;885;959;1844
  Feltre;9873;10578;20451
  Fonzaso;1564;1570;3134
  Gosaldo;293;272;565
  La Valle Agordina;541;529;1070
  Lamon;1384;1416;2800
  Lentiai;0;0;0
  Limana;2635;2709;5344
  Livinallongo del Col di Lana;624;687;1311
  Longarone;2526;2646;5172
  Lorenzago di Cadore;278;281;559
  Lozzo di Cadore;616;679;1295
  Mel;0;0;0
  Ospitale di Cadore;132;132;264
  Pedavena;2136;2257;4393
  Perarolo di Cadore;175;180;355
  Pieve di Cadore;1777;1929;3706
  Ponte nelle Alpi;3980;4094;8074
  Quero Vas;1585;1564;3149
  Rivamonte Agordino;316;298;614
  Rocca Pietore;584;618;1202
  San Gregorio nelle Alpi;801;804;1605
  San Nicolò di Comelico;199;192;391
  San Pietro di Cadore;802;795;1597
  San Tomaso Agordino;313;310;623
  San Vito di Cadore;934;995;1929
  Santa Giustina;3257;3465;6722
  Santo Stefano di Cadore;1197;1259;2456
  Sedico;5002;5220;10222
  Selva di Cadore;241;253;494
  Seren del Grappa;1220;1206;2426
  Sospirolo;1534;1570;3104
  Soverzene;179;186;365
  Sovramonte;666;694;1360
  Taibon Agordino;859;884;1743
  Tambre;651;652;1303
  Trichiana;0;0;0
  Val di Zoldo;1443;1508;2951
  Vallada Agordina;237;249;486
  Valle di Cadore;887;975;1862
  Vigo di Cadore;680;720;1400
  Vodo Cadore;407;434;841
  Voltago Agordino;406;429;835
  Zoppè di Cadore;96;101;197
  Altivole;3477;3519;6996
  Arcade;2277;2245;4522
  Asolo;4511;4489;9000
  Borso del Grappa;2938;2958;5896
  Breda di Piave;3841;3857;7698
  Caerano di San Marco;3887;4016;7903
  Cappella Maggiore;2328;2387;4715
  Carbonera;5556;5778;11334
  Casale sul Sile;6340;6574;12914
  Casier;5552;5740;11292
  Castelcucco;1160;1133;2293
  Castelfranco Veneto;16233;17226;33459
  Castello di Godego;3582;3637;7219
  Cavaso del Tomba;1404;1462;2866
  Cessalto;1901;1964;3865
  Chiarano;1879;1800;3679
  Cimadolmo;1704;1694;3398
  Cison di Valmarino;1298;1334;2632
  Codognè;2673;2583;5256
  Colle Umberto;2512;2617;5129
  Conegliano;16755;18310;35065
  Cordignano;3421;3528;6949
  Cornuda;3078;3157;6235
  Crespano del Grappa;0;0;0
  Crocetta del Montello;3008;3077;6085
  Farra di Soligo;4210;4375;8585
  Follina;1803;1909;3712
  Fontanelle;2825;2846;5671
  Fonte;2985;2933;5918
  Fregona;1408;1435;2843
  Gaiarine;2974;3017;5991
  Giavera del Montello;2584;2584;5168
  Godega di Sant'Urbano;2952;3014;5966
  Gorgo al Monticano;2049;2004;4053
  Istrana;4674;4421;9095
  Loria;4752;4497;9249
  Mansuè;2508;2426;4934
  Mareno di Piave;4771;4830;9601
  Maser;2555;2599;5154
  Maserada sul Piave;4626;4690;9316
  Meduna di Livenza;1429;1515;2944
  Miane;1593;1626;3219
  Mogliano Veneto;13583;14168;27751
  Monastier di Treviso;2181;2224;4405
  Monfumo;661;659;1320
  Montebelluna;15376;16175;31551
  Morgano;2237;2222;4459
  Moriago della Battaglia;1386;1401;2787
  Motta di Livenza;5292;5522;10814
  Nervesa della Battaglia;3234;3304;6538
  Oderzo;9890;10432;20322
  Ormelle;2251;2203;4454
  Orsago;1891;1971;3862
  Paderno del Grappa;0;0;0
  Paese;10781;10945;21726
  Pederobba;3657;3694;7351
  Pieve del Grappa;3206;3393;6599
  Pieve di Soligo;5823;6035;11858
  Ponte di Piave;4185;4086;8271
  Ponzano Veneto;6388;6657;13045
  Portobuffolè;383;368;751
  Possagno;1102;1082;2184
  Povegliano;2580;2579;5159
  Preganziol;8400;8719;17119
  Quinto di Treviso;4889;5028;9917
  Refrontolo;835;854;1689
  Resana;4749;4674;9423
  Revine Lago;1050;1053;2103
  Riese Pio X;5466;5468;10934
  Roncade;7262;7347;14609
  Salgareda;3347;3300;6647
  San Biagio di Callalta;6491;6459;12950
  San Fior;3456;3481;6937
  San Pietro di Feletto;2476;2678;5154
  San Polo di Piave;2498;2375;4873
  San Vendemiano;4938;4997;9935
  San Zenone degli Ezzelini;3771;3563;7334
  Santa Lucia di Piave;4538;4556;9094
  Sarmede;1507;1494;3001
  Segusino;934;942;1876
  Sernaglia della Battaglia;3068;3093;6161
  Silea;4845;5203;10048
  Spresiano;6002;6166;12168
  Susegana;5867;5880;11747
  Tarzo;2074;2188;4262
  Trevignano;5341;5372;10713
  Treviso;40834;44622;85456
  Valdobbiadene;4959;5284;10243
  Vazzola;3460;3461;6921
  Vedelago;8359;8257;16616
  Vidor;1804;1844;3648
  Villorba;8571;9123;17694
  Vittorio Veneto;13356;14433;27789
  Volpago del Montello;5051;5162;10213
  Zenson di Piave;859;897;1756
  Zero Branco;5701;5765;11466
  Annone Veneto;1912;1902;3814
  Campagna Lupia;3560;3687;7247
  Campolongo Maggiore;5350;5411;10761
  Camponogara;6496;6742;13238
  Caorle;5559;5917;11476
  Cavallino-Treporti;6597;6911;13508
  Cavarzere;6483;6819;13302
  Ceggia;2995;3100;6095
  Chioggia;24053;24382;48435
  Cinto Caomaggiore;1564;1617;3181
  Cona;1466;1461;2927
  Concordia Sagittaria;4997;5317;10314
  Dolo;7313;7767;15080
  Eraclea;6062;6135;12197
  Fiesso d'Artico;4193;4244;8437
  Fossalta di Piave;2035;2119;4154
  Fossalta di Portogruaro;2901;3058;5959
  Fossò;3450;3568;7018
  Gruaro;1343;1442;2785
  Jesolo;12670;13386;26056
  Marcon;8722;8773;17495
  Martellago;10484;11022;21506
  Meolo;3156;3160;6316
  Mira;18778;19554;38332
  Mirano;13303;14137;27440
  Musile di Piave;5622;5766;11388
  Noale;7826;8350;16176
  Noventa di Piave;3426;3584;7010
  Pianiga;6122;6236;12358
  Portogruaro;11875;12757;24632
  Pramaggiore;2317;2332;4649
  Quarto d'Altino;3907;4091;7998
  Salzano;6450;6516;12966
  San Donà di Piave;20290;21960;42250
  San Michele al Tagliamento;5778;6094;11872
  Santa Maria di Sala;8838;8817;17655
  San Stino di Livenza;6375;6487;12862
  Scorzè;9449;9523;18972
  Spinea;13210;14409;27619
  Stra;3695;3939;7634
  Teglio Veneto;1143;1129;2272
  Torre di Mosto;2371;2429;4800
  Venezia;123334;135351;258685
  Vigonovo;4932;5026;9958
  Abano Terme;9439;10388;19827
  Agna;1598;1629;3227
  Albignasego;12518;13356;25874
  Anguillara Veneta;2079;2169;4248
  Arquà Petrarca;930;928;1858
  Arre;1070;1050;2120
  Arzergrande;2414;2429;4843
  Bagnoli di Sopra;1693;1724;3417
  Baone;1563;1551;3114
  Barbona;316;305;621
  Battaglia Terme;1911;1971;3882
  Boara Pisani;1217;1221;2438
  Borgo Veneto;3451;3519;6970
  Borgoricco;4492;4411;8903
  Bovolenta;1758;1739;3497
  Brugine;3488;3575;7063
  Cadoneghe;7805;8323;16128
  Campo San Martino;2833;2824;5657
  Campodarsego;7291;7488;14779
  Campodoro;1329;1292;2621
  Camposampiero;5912;6066;11978
  Candiana;1151;1144;2295
  Carceri;741;760;1501
  Carmignano di Brenta;3752;3791;7543
  Cartura;2266;2333;4599
  Casale di Scodosia;2392;2385;4777
  Casalserugo;2634;2760;5394
  Castelbaldo;719;747;1466
  Cervarese Santa Croce;2837;2874;5711
  Cinto Euganeo;1003;974;1977
  Cittadella;9828;10235;20063
  Codevigo;3268;3118;6386
  Conselve;4892;5174;10066
  Correzzola;2583;2544;5127
  Curtarolo;3565;3611;7176
  Due Carrare;4508;4478;8986
  Este;7705;8466;16171
  Fontaniva;3988;4009;7997
  Galliera Veneta;3497;3611;7108
  Galzignano Terme;2189;2205;4394
  Gazzo;2129;2141;4270
  Grantorto;2290;2249;4539
  Granze;964;1018;1982
  Legnaro;4573;4594;9167
  Limena;3869;3971;7840
  Loreggia;3837;3756;7593
  Lozzo Atestino;1522;1507;3029
  Maserà di Padova;4569;4607;9176
  Masi;859;902;1761
  Massanzago;3071;3006;6077
  Megliadino San Vitale;908;921;1829
  Merlara;1258;1322;2580
  Mestrino;5599;5819;11418
  Monselice;8415;8989;17404
  Montagnana;4333;4589;8922
  Montegrotto Terme;5565;5974;11539
  Noventa Padovana;5669;5824;11493
  Ospedaletto Euganeo;2761;2824;5585
  Padova;99544;110533;210077
  Pernumia;1906;1910;3816
  Piacenza d'Adige;621;638;1259
  Piazzola sul Brenta;5441;5630;11071
  Piombino Dese;4800;4687;9487
  Piove di Sacco;9654;10315;19969
  Polverara;1655;1703;3358
  Ponso;1215;1173;2388
  Ponte San Nicolò;6523;7021;13544
  Pontelongo;1851;1885;3736
  Pozzonovo;1731;1795;3526
  Rovolon;2449;2429;4878
  Rubano;7972;8523;16495
  Saccolongo;2451;2464;4915
  San Giorgio delle Pertiche;5071;5098;10169
  San Giorgio in Bosco;3197;3171;6368
  San Martino di Lupari;6527;6589;13116
  San Pietro in Gu;2184;2248;4432
  San Pietro Viminario;1546;1532;3078
  Santa Giustina in Colle;3622;3611;7233
  Sant'Angelo di Piove di Sacco;3603;3697;7300
  Sant'Elena;1261;1305;2566
  Sant'Urbano;960;978;1938
  Saonara;5199;5293;10492
  Selvazzano Dentro;11132;11878;23010
  Solesino;3385;3493;6878
  Stanghella;2016;2086;4102
  Teolo;4428;4603;9031
  Terrassa Padovana;1356;1324;2680
  Tombolo;4107;4201;8308
  Torreglia;3030;3098;6128
  Trebaseleghe;6455;6445;12900
  Tribano;2207;2155;4362
  Urbana;1026;1056;2082
  Veggiano;2398;2350;4748
  Vescovana;864;893;1757
  Vighizzolo d'Este;473;453;926
  Vigodarzere;6417;6617;13034
  Vigonza;11197;11733;22930
  Villa del Conte;2798;2706;5504
  Villa Estense;1096;1071;2167
  Villafranca Padovana;5124;5354;10478
  Villanova di Camposampiero;3054;3118;6172
  Vo';1619;1667;3286
  Adria;9235;9780;19015
  Ariano nel Polesine;2023;2159;4182
  Arquà Polesine;1318;1362;2680
  Badia Polesine;4919;5178;10097
  Bagnolo di Po;610;593;1203
  Bergantino;1217;1275;2492
  Bosaro;705;735;1440
  Calto;335;349;684
  Canaro;1297;1370;2667
  Canda;434;437;871
  Castelguglielmo;773;749;1522
  Castelmassa;1895;2096;3991
  Castelnovo Bariano;1312;1339;2651
  Ceneselli;774;821;1595
  Ceregnano;1708;1792;3500
  Corbola;1077;1202;2279
  Costa di Rovigo;1174;1318;2492
  Crespino;833;927;1760
  Ficarolo;1116;1163;2279
  Fiesso Umbertiano;1914;2019;3933
  Frassinelle Polesine;709;698;1407
  Fratta Polesine;1215;1371;2586
  Gaiba;478;502;980
  Gavello;763;749;1512
  Giacciano con Baruchella;1036;1029;2065
  Guarda Veneta;535;583;1118
  Lendinara;5615;5937;11552
  Loreo;1659;1683;3342
  Lusia;1687;1717;3404
  Melara;841;906;1747
  Occhiobello;5826;6124;11950
  Papozze;698;747;1445
  Pettorazza Grimani;784;738;1522
  Pincara;565;568;1133
  Polesella;1888;1933;3821
  Pontecchio Polesine;1117;1078;2195
  Porto Tolle;4655;4794;9449
  Porto Viro;6845;7237;14082
  Rosolina;3149;3160;6309
  Rovigo;23945;26040;49985
  Salara;535;580;1115
  San Bellino;540;517;1057
  San Martino di Venezze;1867;1984;3851
  Stienta;1571;1593;3164
  Taglio di Po;4006;4052;8058
  Trecenta;1266;1363;2629
  Villadose;2407;2517;4924
  Villamarzana;577;560;1137
  Villanova del Ghebbo;992;986;1978
  Villanova Marchesana;449;435;884
  Aiello del Friuli;1074;1129;2203
  Amaro;418;432;850
  Ampezzo;479;483;962
  Aquileia;1562;1666;3228
  Arta Terme;1025;1042;2067
  Artegna;1381;1460;2841
  Attimis;824;888;1712
  Bagnaria Arsa;1687;1749;3436
  Basiliano;2612;2677;5289
  Bertiolo;1179;1213;2392
  Bicinicco;894;932;1826
  Bordano;349;362;711
  Buja;3110;3330;6440
  Buttrio;1969;1992;3961
  Camino al Tagliamento;782;801;1583
  Campoformido;3790;3950;7740
  Campolongo Tapogliano;564;575;1139
  Carlino;1366;1428;2794
  Cassacco;1411;1468;2879
  Castions di Strada;1826;1905;3731
  Cavazzo Carnico;480;507;987
  Cercivento;335;332;667
  Cervignano del Friuli;6684;6879;13563
  Chiopris-Viscone;309;341;650
  Chiusaforte;330;288;618
  Cividale del Friuli;5289;5828;11117
  Codroipo;7950;8096;16046
  Colloredo di Monte Albano;1070;1114;2184
  Comeglians;231;231;462
  Corno di Rosazzo;1555;1577;3132
  Coseano;1027;1094;2121
  Dignano;1092;1207;2299
  Dogna;82;75;157
  Drenchia;49;53;102
  Enemonzo;653;671;1324
  Faedis;1410;1426;2836
  Fagagna;2974;3146;6120
  Fiumicello Villa Vicentina;3123;3213;6336
  Flaibano;544;555;1099
  Forgaria nel Friuli;867;869;1736
  Forni Avoltri;277;277;554
  Forni di Sopra;462;447;909
  Forni di Sotto;287;283;570
  Gemona del Friuli;5230;5603;10833
  Gonars;2285;2378;4663
  Grimacco;149;165;314
  Latisana;6429;6919;13348
  Lauco;338;341;679
  Lestizza;1841;1859;3700
  Lignano Sabbiadoro;3288;3402;6690
  Lusevera;291;315;606
  Magnano in Riviera;1112;1194;2306
  Majano;2848;3038;5886
  Malborghetto Valbruna;462;446;908
  Manzano;3033;3248;6281
  Marano Lagunare;883;887;1770
  Martignacco;3314;3576;6890
  Mereto di Tomba;1291;1294;2585
  Moggio Udinese;826;852;1678
  Moimacco;829;815;1644
  Montenars;255;242;497
  Mortegliano;2294;2537;4831
  Moruzzo;1228;1252;2480
  Muzzana del Turgnano;1204;1223;2427
  Nimis;1306;1327;2633
  Osoppo;1406;1443;2849
  Ovaro;907;931;1838
  Pagnacco;2486;2611;5097
  Palazzolo dello Stella;1429;1482;2911
  Palmanova;2622;2749;5371
  Paluzza;1018;1044;2062
  Pasian di Prato;4518;4888;9406
  Paularo;1231;1246;2477
  Pavia di Udine;2725;2804;5529
  Pocenia;1225;1213;2438
  Pontebba;670;683;1353
  Porpetto;1259;1267;2526
  Povoletto;2690;2782;5472
  Pozzuolo del Friuli;3399;3564;6963
  Pradamano;1733;1849;3582
  Prato Carnico;443;440;883
  Precenicco;725;723;1448
  Premariacco;1969;2058;4027
  Preone;131;121;252
  Prepotto;376;367;743
  Pulfero;445;427;872
  Ragogna;1390;1430;2820
  Ravascletto;250;252;502
  Raveo;218;234;452
  Reana del Rojale;2378;2462;4840
  Remanzacco;3003;3176;6179
  Resia;485;457;942
  Resiutta;143;141;284
  Rigolato;205;190;395
  Rive d'Arcano;1152;1231;2383
  Rivignano Teor;3108;3120;6228
  Ronchis;997;1004;2001
  Ruda;1373;1491;2864
  San Daniele del Friuli;3845;4166;8011
  San Giorgio di Nogaro;3694;3750;7444
  San Giovanni al Natisone;3072;3014;6086
  San Leonardo;552;515;1067
  San Pietro al Natisone;1043;1081;2124
  San Vito al Torre;593;649;1242
  San Vito di Fagagna;843;865;1708
  Santa Maria la Longa;1120;1186;2306
  Sappada;654;667;1321
  Sauris;187;208;395
  Savogna;188;173;361
  Sedegliano;1883;1877;3760
  Socchieve;433;447;880
  Stregna;178;149;327
  Sutrio;616;649;1265
  Taipana;307;256;563
  Talmassons;1945;1988;3933
  Tarcento;4263;4645;8908
  Tarvisio;2144;2010;4154
  Tavagnacco;7058;7780;14838
  Terzo d'Aquileia;1364;1435;2799
  Tolmezzo;4855;5251;10106
  Torreano;1011;1072;2083
  Torviscosa;1321;1389;2710
  Trasaghis;1077;1091;2168
  Treppo Grande;826;878;1704
  Treppo Ligosullo;357;354;711
  Tricesimo;3636;3970;7606
  Trivignano Udinese;785;815;1600
  Udine;46778;53392;100170
  Varmo;1366;1351;2717
  Venzone;992;968;1960
  Verzegnis;447;426;873
  Villa Santina;1040;1164;2204
  Visco;385;406;791
  Zuglio;277;291;568
  Capriva del Friuli;789;855;1644
  Cormons;3362;3800;7162
  Doberdò del Lago-Doberdob;652;698;1350
  Dolegna del Collio;175;153;328
  Farra d'Isonzo;820;842;1662
  Fogliano Redipuglia;1461;1525;2986
  Gorizia;16208;17361;33569
  Gradisca d'Isonzo;3049;3336;6385
  Grado;3870;4195;8065
  Mariano del Friuli;736;749;1485
  Medea;483;495;978
  Monfalcone;14409;13881;28290
  Moraro;347;366;713
  Mossa;739;816;1555
  Romans d'Isonzo;1806;1903;3709
  Ronchi dei Legionari;5773;6038;11811
  Sagrado;1065;1101;2166
  San Canzian d'Isonzo;3018;3111;6129
  San Floriano del Collio-Števerjan;381;375;756
  San Lorenzo Isontino;776;764;1540
  San Pier d'Isonzo;1015;983;1998
  Savogna d'Isonzo-Sovodnje ob Soci;866;806;1672
  Staranzano;3637;3672;7309
  Turriaco;1388;1467;2855
  Villesse;834;844;1678
  Duino Aurisina-Devin Nabrežina;4009;4312;8321
  Monrupino-Repentabor;422;437;859
  Muggia;6229;6705;12934
  San Dorligo della Valle-Dolina;2814;2908;5722
  Sgonico-Zgonik;989;1007;1996
  Trieste;96586;105027;201613
  Andreis;127;120;247
  Arba;670;642;1312
  Aviano;4441;4456;8897
  Azzano Decimo;7699;7863;15562
  Barcis;126;117;243
  Brugnera;4645;4621;9266
  Budoia;1273;1274;2547
  Caneva;3107;3263;6370
  Casarsa della Delizia;4195;4172;8367
  Castelnovo del Friuli;413;416;829
  Cavasso Nuovo;745;770;1515
  Chions;2540;2612;5152
  Cimolais;187;168;355
  Claut;435;459;894
  Clauzetto;204;183;387
  Cordenons;8737;9103;17840
  Cordovado;1343;1426;2769
  Erto e Casso;185;184;369
  Fanna;754;768;1522
  Fiume Veneto;5748;5971;11719
  Fontanafredda;6184;6295;12479
  Frisanco;298;292;590
  Maniago;5758;5952;11710
  Meduno;773;765;1538
  Montereale Valcellina;2082;2229;4311
  Morsano al Tagliamento;1340;1380;2720
  Pasiano di Pordenone;3816;3833;7649
  Pinzano al Tagliamento;736;791;1527
  Polcenigo;1523;1606;3129
  Porcia;7329;7746;15075
  Pordenone;24796;26937;51733
  Prata di Pordenone;4166;4134;8300
  Pravisdomini;1723;1721;3444
  Roveredo in Piano;2907;3059;5966
  Sacile;9652;10112;19764
  San Giorgio della Richinvelda;2375;2165;4540
  San Martino al Tagliamento;697;708;1405
  San Quirino;2079;2106;4185
  San Vito al Tagliamento;7431;7811;15242
  Sequals;1102;1122;2224
  Sesto al Reghena;3182;3165;6347
  Spilimbergo;5847;6148;11995
  Tramonti di Sopra;140;147;287
  Tramonti di Sotto;182;162;344
  Travesio;896;909;1805
  Vajont;849;826;1675
  Valvasone Arzene;1939;1979;3918
  Vito d'Asio;357;344;701
  Vivaro;672;628;1300
  Zoppola;4244;4193;8437
  Agazzano;974;1025;1999
  Alseno;2288;2374;4662
  Alta Val Tidone;1506;1458;2964
  Besenzone;480;474;954
  Bettola;1361;1323;2684
  Bobbio;1719;1845;3564
  Borgonovo Val Tidone;3979;4001;7980
  Cadeo;2925;3051;5976
  Calendasco;1231;1176;2407
  Caorso;2420;2402;4822
  Carpaneto Piacentino;3775;3829;7604
  Castel San Giovanni;6822;7012;13834
  Castell'Arquato;2241;2326;4567
  Castelvetro Piacentino;2594;2656;5250
  Cerignale;71;49;120
  Coli;450;408;858
  Corte Brugnatella;281;293;574
  Cortemaggiore;2347;2267;4614
  Farini;555;596;1151
  Ferriere;618;538;1156
  Fiorenzuola d'Arda;7279;7637;14916
  Gazzola;1086;1032;2118
  Gossolengo;2842;2889;5731
  Gragnano Trebbiense;2246;2282;4528
  Gropparello;1121;1086;2207
  Lugagnano Val d'Arda;1915;1960;3875
  Monticelli d'Ongina;2544;2636;5180
  Morfasso;503;454;957
  Ottone;258;209;467
  Piacenza;50045;54215;104260
  Pianello Val Tidone;1095;1103;2198
  Piozzano;331;269;600
  Podenzano;4516;4619;9135
  Ponte dell'Olio;2315;2394;4709
  Pontenure;3208;3349;6557
  Rivergaro;3443;3570;7013
  Rottofreno;5972;6204;12176
  San Giorgio Piacentino;2795;2856;5651
  San Pietro in Cerro;416;418;834
  Sarmato;1471;1449;2920
  Travo;1076;1073;2149
  Vernasca;1026;1016;2042
  Vigolzone;2111;2104;4215
  Villanova sull'Arda;854;851;1705
  Zerba;39;30;69
  Ziano Piacentino;1281;1200;2481
  Albareto;1053;1063;2116
  Bardi;1070;1052;2122
  Bedonia;1619;1676;3295
  Berceto;1042;966;2008
  Bore;350;337;687
  Borgo Val di Taro;3328;3488;6816
  Busseto;3403;3448;6851
  Calestano;1100;1008;2108
  Collecchio;7271;7412;14683
  Colorno;4511;4592;9103
  Compiano;552;544;1096
  Corniglio;920;883;1803
  Felino;4529;4631;9160
  Fidenza;13107;13905;27012
  Fontanellato;3515;3581;7096
  Fontevivo;2806;2789;5595
  Fornovo di Taro;2895;3070;5965
  Langhirano;5261;5320;10581
  Lesignano de' Bagni;2545;2502;5047
  Medesano;5427;5527;10954
  Mezzani;0;0;0
  Monchio delle Corti;466;398;864
  Montechiarugolo;5545;5572;11117
  Neviano degli Arduini;1770;1787;3557
  Noceto;6344;6611;12955
  Palanzano;576;510;1086
  Parma;96505;103950;200455
  Pellegrino Parmense;482;506;988
  Polesine Zibello;1561;1621;3182
  Roccabianca;1450;1469;2919
  Sala Baganza;2890;2819;5709
  Salsomaggiore Terme;9522;9897;19419
  San Secondo Parmense;2862;2896;5758
  Sissa Trecasali;3832;3956;7788
  Solignano;883;826;1709
  Soragna;2399;2415;4814
  Sorbolo;0;0;0
  Sorbolo Mezzani;6242;6360;12602
  Terenzo;606;581;1187
  Tizzano Val Parma;1083;1033;2116
  Tornolo;486;433;919
  Torrile;3861;3834;7695
  Traversetolo;4744;4860;9604
  Valmozzola;270;258;528
  Varano de' Melegari;1287;1339;2626
  Varsi;577;601;1178
  Albinea;4286;4554;8840
  Bagnolo in Piano;4729;4954;9683
  Baiso;1657;1565;3222
  Bibbiano;5020;5099;10119
  Boretto;2611;2703;5314
  Brescello;2829;2827;5656
  Cadelbosco di Sopra;5260;5428;10688
  Campagnola Emilia;2795;2844;5639
  Campegine;2626;2646;5272
  Canossa;1896;1814;3710
  Carpineti;1961;2005;3966
  Casalgrande;9493;9489;18982
  Casina;2203;2222;4425
  Castellarano;7645;7695;15340
  Castelnovo di Sotto;4183;4306;8489
  Castelnovo ne' Monti;5121;5343;10464
  Cavriago;4761;5059;9820
  Correggio;12388;12904;25292
  Fabbrico;3346;3309;6655
  Gattatico;2921;2870;5791
  Gualtieri;3169;3169;6338
  Guastalla;7285;7611;14896
  Luzzara;4424;4293;8717
  Montecchio Emilia;5107;5416;10523
  Novellara;6611;6833;13444
  Poviglio;3575;3592;7167
  Quattro Castella;6432;6786;13218
  Reggio nell'Emilia;83581;87503;171084
  Reggiolo;4575;4544;9119
  Rio Saliceto;3006;3018;6024
  Rolo;2031;1979;4010
  Rubiera;7251;7521;14772
  San Martino in Rio;4066;4086;8152
  San Polo d'Enza;3085;3208;6293
  Sant'Ilario d'Enza;5520;5681;11201
  Scandiano;12551;13305;25856
  Toano;2182;2114;4296
  Ventasso;2029;2061;4090
  Vetto;922;884;1806
  Vezzano sul Crostolo;2103;2177;4280
  Viano;1675;1669;3344
  Villa Minozzo;1825;1787;3612
  Bastiglia;2083;2114;4197
  Bomporto;5045;5025;10070
  Campogalliano;4301;4395;8696
  Camposanto;1606;1593;3199
  Carpi;35118;37251;72369
  Castelfranco Emilia;16554;16429;32983
  Castelnuovo Rangone;7590;7497;15087
  Castelvetro di Modena;5706;5583;11289
  Cavezzo;3393;3637;7030
  Concordia sulla Secchia;4022;4206;8228
  Fanano;1450;1516;2966
  Finale Emilia;7394;7762;15156
  Fiorano Modenese;8488;8647;17135
  Fiumalbo;594;605;1199
  Formigine;16992;17374;34366
  Frassinoro;928;933;1861
  Guiglia;2006;1926;3932
  Lama Mocogno;1331;1338;2669
  Maranello;8727;8842;17569
  Marano sul Panaro;2650;2630;5280
  Medolla;3034;3207;6241
  Mirandola;11687;12435;24122
  Modena;90997;98016;189013
  Montecreto;478;438;916
  Montefiorino;1084;1057;2141
  Montese;1622;1653;3275
  Nonantola;7904;8066;15970
  Novi di Modena;4916;4946;9862
  Palagano;1019;1061;2080
  Pavullo nel Frignano;8953;9025;17978
  Pievepelago;1159;1125;2284
  Polinago;800;804;1604
  Prignano sulla Secchia;1896;1840;3736
  Ravarino;3081;3102;6183
  Riolunato;361;325;686
  San Cesario sul Panaro;3253;3313;6566
  San Felice sul Panaro;5332;5523;10855
  San Possidonio;1686;1777;3463
  San Prospero;3052;2959;6011
  Sassuolo;19680;20598;40278
  Savignano sul Panaro;4551;4733;9284
  Serramazzoni;4325;4162;8487
  Sestola;1215;1236;2451
  Soliera;7563;7920;15483
  Spilamberto;6326;6409;12735
  Vignola;12421;13128;25549
  Zocca;2313;2272;4585
  Alto Reno Terme;3362;3591;6953
  Anzola dell'Emilia;6078;6292;12370
  Argelato;4803;4961;9764
  Baricella;3523;3571;7094
  Bentivoglio;2848;2904;5752
  Bologna;187134;208282;395416
  Borgo Tossignano;1638;1627;3265
  Budrio;8913;9335;18248
  Calderara di Reno;6531;6805;13336
  Camugnano;909;933;1842
  Casalecchio di Reno;17143;19124;36267
  Casalfiumanese;1700;1715;3415
  Castel d'Aiano;954;911;1865
  Castel del Rio;583;630;1213
  Castel di Casio;1685;1693;3378
  Castel Guelfo di Bologna;2262;2258;4520
  Castel Maggiore;8914;9553;18467
  Castel San Pietro Terme;10192;10632;20824
  Castello d'Argile;3333;3277;6610
  Castenaso;7513;8176;15689
  Castiglione dei Pepoli;2714;2752;5466
  Crevalcore;6741;6994;13735
  Dozza;3235;3350;6585
  Fontanelice;989;979;1968
  Gaggio Montano;2387;2469;4856
  Galliera;2745;2775;5520
  Granarolo dell'Emilia;6046;6304;12350
  Grizzana Morandi;1990;1879;3869
  Imola;34049;36539;70588
  Lizzano in Belvedere;1091;1094;2185
  Loiano;2206;2170;4376
  Malalbergo;4412;4687;9099
  Marzabotto;3386;3408;6794
  Medicina;8172;8473;16645
  Minerbio;4400;4568;8968
  Molinella;7623;8060;15683
  Monghidoro;1892;1811;3703
  Monte San Pietro;5335;5452;10787
  Monterenzio;3113;3056;6169
  Monzuno;3192;3155;6347
  Mordano;2409;2317;4726
  Ozzano dell'Emilia;6872;7178;14050
  Pianoro;8530;8998;17528
  Pieve di Cento;3476;3637;7113
  Sala Bolognese;4215;4275;8490
  San Benedetto Val di Sambro;2133;2035;4168
  San Giorgio di Piano;4388;4701;9089
  San Giovanni in Persiceto;13694;14463;28157
  San Lazzaro di Savena;15574;17099;32673
  San Pietro in Casale;6284;6343;12627
  Sant'Agata Bolognese;3780;3738;7518
  Sasso Marconi;7192;7634;14826
  Valsamoggia;15762;15975;31737
  Vergato;3821;3910;7731
  Zola Predosa;9319;9768;19087
  Argenta;10187;10762;20949
  Berra;0;0;0
  Bondeno;6814;7276;14090
  Cento;17476;18064;35540
  Codigoro;5530;6046;11576
  Comacchio;10755;11091;21846
  Copparo;7548;8323;15871
  Ferrara;62875;70024;132899
  Fiscaglia;4222;4389;8611
  Formignana;0;0;0
  Goro;1764;1876;3640
  Jolanda di Savoia;1318;1424;2742
  Lagosanto;2298;2439;4737
  Masi Torello;1080;1226;2306
  Mesola;3260;3402;6662
  Ostellato;2873;2940;5813
  Poggio Renatico;4797;4972;9769
  Portomaggiore;5628;5865;11493
  Riva del Po;3827;3959;7786
  Ro;0;0;0
  Terre del Reno;4802;5077;9879
  Tresigallo;0;0;0
  Tresignana;3340;3650;6990
  Vigarano Mainarda;3733;3884;7617
  Voghiera;1785;1909;3694
  Alfonsine;5659;6048;11707
  Bagnacavallo;8126;8493;16619
  Bagnara di Romagna;1213;1212;2425
  Brisighella;3656;3647;7303
  Casola Valsenio;1278;1232;2510
  Castel Bolognese;4723;4842;9565
  Cervia;13695;14860;28555
  Conselice;4742;4972;9714
  Cotignola;3559;3820;7379
  Faenza;28481;29807;58288
  Fusignano;4034;4115;8149
  Lugo;15318;16536;31854
  Massa Lombarda;5172;5228;10400
  Ravenna;76661;81586;158247
  Riolo Terme;2810;2819;5629
  Russi;6001;6184;12185
  Sant'Agata sul Santerno;1456;1483;2939
  Solarolo;2177;2325;4502
  Bagno di Romagna;2812;2971;5783
  Bertinoro;5368;5625;10993
  Borghi;1458;1434;2892
  Castrocaro Terme e Terra del Sole;3071;3230;6301
  Cesena;47163;50302;97465
  Cesenatico;12646;13432;26078
  Civitella di Romagna;1802;1884;3686
  Dovadola;749;820;1569
  Forlì;57250;61042;118292
  Forlimpopoli;6488;6780;13268
  Galeata;1200;1205;2405
  Gambettola;5185;5487;10672
  Gatteo;4643;4650;9293
  Longiano;3514;3674;7188
  Meldola;4898;5061;9959
  Mercato Saraceno;3480;3465;6945
  Modigliana;2196;2226;4422
  Montiano;854;871;1725
  Portico e San Benedetto;365;367;732
  Predappio;3083;3075;6158
  Premilcuore;366;357;723
  Rocca San Casciano;880;927;1807
  Roncofreddo;1704;1674;3378
  San Mauro Pascoli;5915;6126;12041
  Santa Sofia;1989;2105;4094
  Sarsina;1679;1707;3386
  Savignano sul Rubicone;8841;9084;17925
  Sogliano al Rubicone;1582;1593;3175
  Tredozio;571;588;1159
  Verghereto;908;884;1792
  Bellaria-Igea Marina;9423;9918;19341
  Casteldelci;187;196;383
  Cattolica;8034;8962;16996
  Coriano;5174;5294;10468
  Gemmano;578;545;1123
  Maiolo;415;385;800
  Misano Adriatico;6631;6854;13485
  Mondaino;673;681;1354
  Montefiore Conca;1104;1124;2228
  Montegridolfo;494;499;993
  Montescudo-Monte Colombo;3436;3385;6821
  Morciano di Romagna;3423;3677;7100
  Novafeltria;3503;3581;7084
  Pennabilli;1321;1360;2681
  Poggio Torriana;2569;2591;5160
  Riccione;16466;18589;35055
  Rimini;71731;77604;149335
  Saludecio;1558;1498;3056
  San Clemente;2809;2841;5650
  San Giovanni in Marignano;4572;4895;9467
  San Leo;1425;1433;2858
  Sant'Agata Feltria;1045;1019;2064
  Santarcangelo di Romagna;10739;11472;22211
  Talamello;520;558;1078
  Verucchio;5039;4968;10007
  Aulla;5207;5532;10739
  Bagnone;886;900;1786
  Carrara;29528;31786;61314
  Casola in Lunigiana;469;521;990
  Comano;343;346;689
  Filattiera;1092;1147;2239
  Fivizzano;3671;3831;7502
  Fosdinovo;2277;2391;4668
  Licciana Nardi;2388;2450;4838
  Massa;32589;34990;67579
  Montignoso;5002;5234;10236
  Mulazzo;1140;1169;2309
  Podenzana;1063;1060;2123
  Pontremoli;3350;3745;7095
  Tresana;948;972;1920
  Villafranca in Lunigiana;2309;2340;4649
  Zeri;490;519;1009
  Altopascio;7670;7905;15575
  Bagni di Lucca;2848;2953;5801
  Barga;4756;4938;9694
  Borgo a Mozzano;3430;3544;6974
  Camaiore;15197;16346;31543
  Camporgiano;1049;1058;2107
  Capannori;22424;23073;45497
  Careggine;268;265;533
  Castelnuovo di Garfagnana;2829;3014;5843
  Castiglione di Garfagnana;871;880;1751
  Coreglia Antelminelli;2544;2641;5185
  Fabbriche di Vergemoli;408;386;794
  Forte dei Marmi;3265;3846;7111
  Fosciandora;270;294;564
  Gallicano;1801;1819;3620
  Lucca;42561;46173;88734
  Massarosa;10551;11064;21615
  Minucciano;946;991;1937
  Molazzana;509;531;1040
  Montecarlo;2126;2274;4400
  Pescaglia;1708;1681;3389
  Piazza al Serchio;1096;1152;2248
  Pietrasanta;10781;12216;22997
  Pieve Fosciana;1208;1205;2413
  Porcari;4371;4469;8840
  San Romano in Garfagnana;671;708;1379
  Seravezza;6082;6692;12774
  Sillano Giuncugnano;498;524;1022
  Stazzema;1468;1490;2958
  Vagli Sotto;456;429;885
  Viareggio;28820;31692;60512
  Villa Basilica;782;764;1546
  Villa Collemandina;627;635;1262
  Abetone Cutigliano;1008;1029;2037
  Agliana;8934;9166;18100
  Buggiano;4292;4565;8857
  Chiesina Uzzanese;2207;2281;4488
  Lamporecchio;3598;3807;7405
  Larciano;3073;3245;6318
  Marliana;1569;1553;3122
  Massa e Cozzile;3704;4110;7814
  Monsummano Terme;10288;10853;21141
  Montale;5281;5565;10846
  Montecatini-Terme;9333;10668;20001
  Pescia;9432;10013;19445
  Pieve a Nievole;4466;4699;9165
  Pistoia;43596;47312;90908
  Ponte Buggianese;4297;4555;8852
  Quarrata;12955;13611;26566
  Sambuca Pistoiese;769;745;1514
  Serravalle Pistoiese;5664;5978;11642
  Uzzano;2709;2900;5609
  San Marcello Piteglio;3713;4154;7867
  Bagno a Ripoli;12152;13404;25556
  Barberino di Mugello;5362;5466;10828
  Barberino Tavarnelle;5998;6103;12101
  Barberino Val d'Elsa;0;0;0
  Borgo San Lorenzo;8736;9214;17950
  Calenzano;8869;9253;18122
  Campi Bisenzio;22721;23401;46122
  Capraia e Limite;3894;3962;7856
  Castelfiorentino;8449;8890;17339
  Cerreto Guidi;5229;5554;10783
  Certaldo;7760;8018;15778
  Dicomano;2813;2728;5541
  Empoli;23312;25299;48611
  Fiesole;6685;7260;13945
  Figline e Incisa Valdarno;11414;12155;23569
  Firenze;171721;195206;366927
  Firenzuola;2251;2267;4518
  Fucecchio;11256;11752;23008
  Gambassi Terme;2341;2471;4812
  Greve in Chianti;6624;6932;13556
  Impruneta;7027;7518;14545
  Lastra a Signa;9566;10016;19582
  Londa;978;895;1873
  Marradi;1527;1502;3029
  Montaione;1744;1811;3555
  Montelupo Fiorentino;6953;7378;14331
  Montespertoli;6571;6709;13280
  Palazzuolo sul Senio;575;550;1125
  Pelago;3767;3916;7683
  Pontassieve;9925;10555;20480
  Reggello;8222;8396;16618
  Rignano sull'Arno;4298;4330;8628
  Rufina;3589;3651;7240
  San Casciano in Val di Pesa;8112;8715;16827
  San Godenzo;537;561;1098
  Scandicci;24406;26637;51043
  Scarperia e San Piero;5999;6198;12197
  Sesto Fiorentino;23286;25678;48964
  Signa;9032;9537;18569
  Tavarnelle Val di Pesa;0;0;0
  Vaglia;2589;2658;5247
  Vicchio;4046;4005;8051
  Vinci;7115;7515;14630
  Bibbona;1626;1590;3216
  Campiglia Marittima;6144;6648;12792
  Campo nell'Elba;2306;2385;4691
  Capoliveri;1998;2020;4018
  Capraia Isola;219;172;391
  Castagneto Carducci;4321;4465;8786
  Cecina;13249;14643;27892
  Collesalvetti;8107;8421;16528
  Livorno;75402;81615;157017
  Marciana;1006;1112;2118
  Marciana Marina;950;970;1920
  Piombino;15943;17237;33180
  Porto Azzurro;1892;1762;3654
  Portoferraio;5740;6162;11902
  Rio;1666;1698;3364
  Rosignano Marittimo;14575;15698;30273
  San Vincenzo;3128;3508;6636
  Sassetta;223;238;461
  Suvereto;1508;1530;3038
  Bientina;4112;4384;8496
  Buti;2747;2851;5598
  Calci;3027;3254;6281
  Calcinaia;6222;6430;12652
  Capannoli;3131;3251;6382
  Casale Marittimo;540;529;1069
  Casciana Terme Lari;6089;6274;12363
  Cascina;21694;23071;44765
  Castelfranco di Sotto;6582;6676;13258
  Castellina Marittima;951;947;1898
  Castelnuovo di Val di Cecina;1056;1098;2154
  Chianni;661;672;1333
  Crespina Lorenzana;2691;2729;5420
  Fauglia;1792;1823;3615
  Guardistallo;570;627;1197
  Lajatico;634;666;1300
  Montecatini Val di Cecina;832;829;1661
  Montescudaio;1024;1086;2110
  Monteverdi Marittimo;388;374;762
  Montopoli in Val d'Arno;5512;5618;11130
  Orciano Pisano;299;321;620
  Palaia;2192;2373;4565
  Peccioli;2284;2433;4717
  Pisa;43122;46914;90036
  Pomarance;2743;2834;5577
  Ponsacco;7555;7934;15489
  Pontedera;14290;14897;29187
  Riparbella;812;787;1599
  San Giuliano Terme;14967;15880;30847
  San Miniato;13549;14144;27693
  Santa Croce sull'Arno;7231;7193;14424
  Santa Luce;803;810;1613
  Santa Maria a Monte;6555;6672;13227
  Terricciola;2214;2272;4486
  Vecchiano;5810;6159;11969
  Vicopisano;4184;4463;8647
  Volterra;4746;5236;9982
  Anghiari;2694;2790;5484
  Arezzo;47237;51022;98259
  Badia Tedalda;554;481;1035
  Bibbiena;5919;5930;11849
  Bucine;4842;5035;9877
  Capolona;2584;2779;5363
  Caprese Michelangelo;676;725;1401
  Castel Focognano;1501;1513;3014
  Castel San Niccolò;1278;1334;2612
  Castelfranco Piandiscò;4878;5044;9922
  Castiglion Fibocchi;1072;1042;2114
  Castiglion Fiorentino;6492;6599;13091
  Cavriglia;4754;4747;9501
  Chitignano;446;461;907
  Chiusi della Verna;967;969;1936
  Civitella in Val di Chiana;4403;4522;8925
  Cortona;10413;11167;21580
  Foiano della Chiana;4556;4808;9364
  Laterina Pergine Valdarno;3251;3330;6581
  Loro Ciuffenna;2926;2938;5864
  Lucignano;1694;1761;3455
  Marciano della Chiana;1644;1759;3403
  Monte San Savino;4228;4501;8729
  Montemignaio;281;254;535
  Monterchi;853;868;1721
  Montevarchi;11723;12167;23890
  Ortignano Raggiolo;447;425;872
  Pieve Santo Stefano;1522;1553;3075
  Poppi;3063;3026;6089
  Pratovecchio Stia;2745;2837;5582
  San Giovanni Valdarno;7939;8861;16800
  Sansepolcro;7510;8011;15521
  Sestino;623;626;1249
  Subbiano;3166;3209;6375
  Talla;532;467;999
  Terranuova Bracciolini;6014;6184;12198
  Abbadia San Salvatore;2955;3284;6239
  Asciano;3387;3553;6940
  Buonconvento;1493;1604;3097
  Casole d'Elsa;1870;1915;3785
  Castellina in Chianti;1422;1329;2751
  Castelnuovo Berardenga;4310;4582;8892
  Castiglione d'Orcia;1074;1153;2227
  Cetona;1235;1331;2566
  Chianciano Terme;3269;3663;6932
  Chiusdino;899;912;1811
  Chiusi;4038;4265;8303
  Colle di Val d'Elsa;10480;11135;21615
  Gaiole in Chianti;1314;1304;2618
  Montalcino;2796;2932;5728
  Montepulciano;6510;7154;13664
  Monteriggioni;4915;5114;10029
  Monteroni d'Arbia;4394;4592;8986
  Monticiano;752;751;1503
  Murlo;1209;1185;2394
  Piancastagnaio;1985;2109;4094
  Pienza;977;1079;2056
  Poggibonsi;13967;14796;28763
  Radda in Chianti;739;782;1521
  Radicofani;539;546;1085
  Radicondoli;465;451;916
  Rapolano Terme;2593;2705;5298
  San Casciano dei Bagni;767;810;1577
  San Gimignano;3826;3770;7596
  San Quirico d'Orcia;1252;1371;2623
  Sarteano;2188;2418;4606
  Siena;25186;29122;54308
  Sinalunga;6037;6398;12435
  Sovicille;4774;5131;9905
  Torrita di Siena;3464;3632;7096
  Trequanda;615;605;1220
  Arcidosso;2091;2178;4269
  Campagnatico;1194;1150;2344
  Capalbio;1882;2003;3885
  Castel del Piano;2375;2427;4802
  Castell'Azzara;672;734;1406
  Castiglione della Pescaia;3505;3611;7116
  Cinigiano;1230;1218;2448
  Civitella Paganico;1544;1504;3048
  Follonica;9987;11262;21249
  Gavorrano;4173;4257;8430
  Grosseto;39331;42581;81912
  Isola del Giglio;727;644;1371
  Magliano in Toscana;1638;1759;3397
  Manciano;3473;3719;7192
  Massa Marittima;3945;4336;8281
  Monte Argentario;5820;6151;11971
  Monterotondo Marittimo;666;627;1293
  Montieri;595;559;1154
  Orbetello;6950;7690;14640
  Pitigliano;1792;1954;3746
  Roccalbegna;478;472;950
  Roccastrada;4299;4580;8879
  Santa Fiora;1227;1277;2504
  Scansano;2202;2122;4324
  Scarlino;1959;1921;3880
  Seggiano;479;508;987
  Semproniano;479;527;1006
  Sorano;1584;1622;3206
  Cantagallo;1609;1539;3148
  Carmignano;7313;7402;14715
  Montemurlo;9304;9610;18914
  Poggio a Caiano;4865;5128;9993
  Prato;94278;99945;194223
  Vaiano;4928;5078;10006
  Vernio;3005;3069;6074
  Assisi;13444;14508;27952
  Bastia Umbra;10389;11083;21472
  Bettona;2069;2191;4260
  Bevagna;2424;2478;4902
  Campello sul Clitunno;1161;1210;2371
  Cannara;2082;2166;4248
  Cascia;1530;1533;3063
  Castel Ritaldi;1540;1609;3149
  Castiglione del Lago;7168;7603;14771
  Cerreto di Spoleto;494;516;1010
  Citerna;1715;1713;3428
  Città della Pieve;3653;4010;7663
  Città di Castello;18515;20135;38650
  Collazzone;1637;1744;3381
  Corciano;10227;10969;21196
  Costacciaro;554;585;1139
  Deruta;4617;4796;9413
  Foligno;26430;29179;55609
  Fossato di Vico;1308;1346;2654
  Fratta Todina;871;946;1817
  Giano dell'Umbria;1906;1860;3766
  Gualdo Cattaneo;2925;2864;5789
  Gualdo Tadino;6935;7679;14614
  Gubbio;15286;16230;31516
  Lisciano Niccone;292;301;593
  Magione;7190;7588;14778
  Marsciano;8841;9248;18089
  Massa Martana;1856;1812;3668
  Monte Castello di Vibio;746;749;1495
  Monte Santa Maria Tiberina;563;564;1127
  Montefalco;2693;2790;5483
  Monteleone di Spoleto;298;282;580
  Montone;761;843;1604
  Nocera Umbra;2763;2856;5619
  Norcia;2367;2357;4724
  Paciano;467;501;968
  Panicale;2659;2838;5497
  Passignano sul Trasimeno;2681;2828;5509
  Perugia;79198;85682;164880
  Piegaro;1711;1810;3521
  Pietralunga;980;1030;2010
  Poggiodomo;52;42;94
  Preci;357;349;706
  San Giustino;5350;5638;10988
  Sant'Anatolia di Narco;292;251;543
  Scheggia e Pascelupo;680;665;1345
  Scheggino;231;231;462
  Sellano;517;520;1037
  Sigillo;1129;1185;2314
  Spello;4013;4421;8434
  Spoleto;18130;19259;37389
  Todi;7540;8074;15614
  Torgiano;3165;3296;6461
  Trevi;4030;4213;8243
  Tuoro sul Trasimeno;1817;1967;3784
  Umbertide;7985;8413;16398
  Valfabbrica;1591;1662;3253
  Vallo di Nera;172;184;356
  Valtopina;640;671;1311
  Acquasparta;2210;2360;4570
  Allerona;849;875;1724
  Alviano;679;754;1433
  Amelia;5632;5850;11482
  Arrone;1307;1389;2696
  Attigliano;986;1012;1998
  Avigliano Umbro;1236;1192;2428
  Baschi;1304;1375;2679
  Calvi dell'Umbria;852;888;1740
  Castel Giorgio;973;1122;2095
  Castel Viscardo;1369;1443;2812
  Fabro;1324;1391;2715
  Ferentillo;907;926;1833
  Ficulle;802;804;1606
  Giove;902;963;1865
  Guardea;881;894;1775
  Lugnano in Teverina;722;708;1430
  Montecastrilli;2395;2512;4907
  Montecchio;791;805;1596
  Montefranco;642;640;1282
  Montegabbione;564;582;1146
  Monteleone d'Orvieto;655;728;1383
  Narni;8989;9702;18691
  Orvieto;9639;10633;20272
  Otricoli;882;908;1790
  Parrano;236;251;487
  Penna in Teverina;518;543;1061
  Polino;117;106;223
  Porano;909;1000;1909
  San Gemini;2358;2530;4888
  San Venanzo;1130;1072;2202
  Stroncone;2387;2347;4734
  Terni;52110;57893;110003
  Acqualagna;2148;2173;4321
  Apecchio;877;907;1784
  Auditore;0;0;0
  Belforte all'Isauro;357;375;732
  Borgo Pace;281;270;551
  Cagli;4055;4321;8376
  Cantiano;1044;1068;2112
  Carpegna;807;837;1644
  Cartoceto;3902;3994;7896
  Colli al Metauro;6133;6128;12261
  Fano;29113;31298;60411
  Fermignano;4089;4270;8359
  Fossombrone;4599;4690;9289
  Fratte Rosa;453;464;917
  Frontino;146;141;287
  Frontone;592;645;1237
  Gabicce Mare;2799;2928;5727
  Gradara;2469;2415;4884
  Isola del Piano;282;272;554
  Lunano;773;701;1474
  Macerata Feltria;944;1035;1979
  Mercatello sul Metauro;668;653;1321
  Mercatino Conca;511;505;1016
  Mombaroccio;1052;1029;2081
  Mondavio;1842;1918;3760
  Mondolfo;7125;7220;14345
  Monte Cerignone;313;342;655
  Monte Grimano Terme;544;542;1086
  Monte Porzio;1407;1396;2803
  Montecalvo in Foglia;1338;1419;2757
  Monteciccardo;807;827;1634
  Montecopiolo;542;524;1066
  Montefelcino;1276;1264;2540
  Montelabbate;3534;3440;6974
  Peglio;332;333;665
  Pergola;2892;3157;6049
  Pesaro;45628;49524;95152
  Petriano;1407;1375;2782
  Piandimeleto;1032;1056;2088
  Pietrarubbia;321;301;622
  Piobbico;928;951;1879
  San Costanzo;2320;2273;4593
  San Lorenzo in Campo;1556;1698;3254
  Sant'Angelo in Vado;2010;2021;4031
  Sant'Ippolito;740;745;1485
  Sassocorvaro;0;0;0
  Sassocorvaro Auditore;2430;2453;4883
  Sassofeltrio;650;711;1361
  Serra Sant'Abbondio;476;485;961
  Tavoleto;418;447;865
  Tavullia;3952;3957;7909
  Terre Roveresche;2622;2604;5226
  Urbania;3371;3590;6961
  Urbino;6819;7110;13929
  Vallefoglia;7526;7443;14969
  Agugliano;2361;2449;4810
  Ancona;47596;51481;99077
  Arcevia;2123;2240;4363
  Barbara;653;650;1303
  Belvedere Ostrense;1074;1081;2155
  Camerano;3553;3689;7242
  Camerata Picena;1278;1272;2550
  Castelbellino;2413;2597;5010
  Castelfidardo;8970;9336;18306
  Castelleone di Suasa;792;797;1589
  Castelplanio;1736;1789;3525
  Cerreto d'Esi;1754;1774;3528
  Chiaravalle;6940;7795;14735
  Corinaldo;2386;2514;4900
  Cupramontana;2218;2289;4507
  Fabriano;14550;15778;30328
  Falconara Marittima;12398;13382;25780
  Filottrano;4580;4679;9259
  Genga;822;879;1701
  Jesi;18961;20618;39579
  Loreto;6222;6678;12900
  Maiolati Spontini;2977;3223;6200
  Mergo;496;514;1010
  Monsano;1628;1715;3343
  Monte Roberto;1506;1570;3076
  Monte San Vito;3367;3509;6876
  Montecarotto;909;983;1892
  Montemarciano;4887;4977;9864
  Morro d'Alba;901;927;1828
  Numana;1897;1880;3777
  Offagna;1013;1023;2036
  Osimo;17106;17741;34847
  Ostra;3185;3358;6543
  Ostra Vetere;1597;1616;3213
  Poggio San Marcello;327;330;657
  Polverigi;2319;2306;4625
  Rosora;949;983;1932
  San Marcello;983;1017;2000
  San Paolo di Jesi;441;475;916
  Santa Maria Nuova;2024;2106;4130
  Sassoferrato;3421;3592;7013
  Senigallia;21264;23066;44330
  Serra de' Conti;1848;1867;3715
  Serra San Quirico;1252;1408;2660
  Sirolo;1958;2124;4082
  Staffolo;1062;1112;2174
  Trecastelli;3770;3795;7565
  Apiro;1021;1108;2129
  Appignano;1988;2131;4119
  Belforte del Chienti;904;917;1821
  Bolognola;76;67;143
  Caldarola;831;874;1705
  Camerino;3287;3405;6692
  Camporotondo di Fiastrone;238;277;515
  Castelraimondo;2161;2281;4442
  Castelsantangelo sul Nera;134;114;248
  Cessapalombo;216;241;457
  Cingoli;4831;5081;9912
  Civitanova Marche;20122;22045;42167
  Colmurano;596;626;1222
  Corridonia;7440;7756;15196
  Esanatoglia;912;1022;1934
  Fiastra;335;311;646
  Fiuminata;642;669;1311
  Gagliole;303;282;585
  Gualdo;363;387;750
  Loro Piceno;1090;1187;2277
  Macerata;19527;21520;41047
  Matelica;4621;4917;9538
  Mogliano;2208;2289;4497
  Monte Cavallo;57;54;111
  Monte San Giusto;3745;3867;7612
  Monte San Martino;358;354;712
  Montecassiano;3437;3545;6982
  Montecosaro;3615;3708;7323
  Montefano;1685;1723;3408
  Montelupone;1705;1749;3454
  Morrovalle;4967;5001;9968
  Muccia;416;447;863
  Penna San Giovanni;474;514;988
  Petriolo;933;948;1881
  Pieve Torina;670;682;1352
  Pioraco;495;536;1031
  Poggio San Vicino;110;122;232
  Pollenza;3185;3283;6468
  Porto Recanati;6088;5864;11952
  Potenza Picena;7748;8154;15902
  Recanati;10210;10903;21113
  Ripe San Ginesio;405;435;840
  San Ginesio;1597;1639;3236
  San Severino Marche;5931;6373;12304
  Sant'Angelo in Pontano;635;696;1331
  Sarnano;1491;1617;3108
  Sefro;220;210;430
  Serrapetrona;445;468;913
  Serravalle di Chienti;540;502;1042
  Tolentino;9096;9676;18772
  Treia;4550;4684;9234
  Urbisaglia;1263;1262;2525
  Ussita;191;204;395
  Valfornace;474;482;956
  Visso;480;544;1024
  Acquasanta Terme;1324;1322;2646
  Acquaviva Picena;1818;1887;3705
  Appignano del Tronto;825;886;1711
  Arquata del Tronto;536;525;1061
  Ascoli Piceno;22851;24553;47404
  Carassai;489;515;1004
  Castel di Lama;4230;4277;8507
  Castignano;1322;1362;2684
  Castorano;1137;1163;2300
  Colli del Tronto;1810;1863;3673
  Comunanza;1505;1505;3010
  Cossignano;433;475;908
  Cupra Marittima;2608;2793;5401
  Folignano;4540;4602;9142
  Force;619;616;1235
  Grottammare;7697;8366;16063
  Maltignano;1146;1176;2322
  Massignano;821;820;1641
  Monsampolo del Tronto;2276;2279;4555
  Montalto delle Marche;918;1059;1977
  Montedinove;283;224;507
  Montefiore dell'Aso;970;1031;2001
  Montegallo;245;218;463
  Montemonaco;278;280;558
  Monteprandone;6383;6454;12837
  Offida;2385;2510;4895
  Palmiano;79;92;171
  Ripatransone;2048;2108;4156
  Roccafluvione;993;966;1959
  Rotella;420;426;846
  San Benedetto del Tronto;22446;25098;47544
  Spinetoli;3585;3724;7309
  Venarotta;978;999;1977
  Altidona;1713;1784;3497
  Amandola;1697;1746;3443
  Belmonte Piceno;300;314;614
  Campofilone;962;967;1929
  Falerone;1629;1620;3249
  Fermo;17827;18985;36812
  Francavilla d'Ete;469;452;921
  Grottazzolina;1567;1706;3273
  Lapedona;585;589;1174
  Magliano di Tenna;704;720;1424
  Massa Fermana;439;469;908
  Monsampietro Morico;313;319;632
  Montappone;796;842;1638
  Monte Giberto;380;384;764
  Monte Rinaldo;170;167;337
  Monte San Pietrangeli;1149;1216;2365
  Monte Urano;4029;4074;8103
  Monte Vidon Combatte;188;221;409
  Monte Vidon Corrado;348;351;699
  Montefalcone Appennino;196;199;395
  Montefortino;557;557;1114
  Montegiorgio;3243;3354;6597
  Montegranaro;6318;6404;12722
  Monteleone di Fermo;200;166;366
  Montelparo;369;363;732
  Monterubbiano;1033;1114;2147
  Montottone;421;469;890
  Moresco;269;280;549
  Ortezzano;373;369;742
  Pedaso;1360;1463;2823
  Petritoli;1087;1147;2234
  Ponzano di Fermo;831;825;1656
  Porto San Giorgio;7571;8483;16054
  Porto Sant'Elpidio;12475;13171;25646
  Rapagnano;972;994;1966
  Santa Vittoria in Matenano;626;660;1286
  Sant'Elpidio a Mare;8483;8608;17091
  Servigliano;1125;1124;2249
  Smerillo;173;159;332
  Torre San Patrizio;965;990;1955
  Acquapendente;2612;2757;5369
  Arlena di Castro;420;397;817
  Bagnoregio;1671;1821;3492
  Barbarano Romano;517;499;1016
  Bassano in Teverina;626;632;1258
  Bassano Romano;2282;2301;4583
  Blera;1511;1548;3059
  Bolsena;1839;1993;3832
  Bomarzo;858;837;1695
  Calcata;439;453;892
  Canepina;1480;1504;2984
  Canino;2621;2585;5206
  Capodimonte;817;854;1671
  Capranica;3168;3280;6448
  Caprarola;2580;2681;5261
  Carbognano;916;996;1912
  Castel Sant'Elia;1238;1260;2498
  Castiglione in Teverina;1120;1172;2292
  Celleno;633;660;1293
  Cellere;554;540;1094
  Civita Castellana;7546;8068;15614
  Civitella d'Agliano;758;782;1540
  Corchiano;1798;1784;3582
  Fabrica di Roma;4049;4064;8113
  Faleria;1015;1028;2043
  Farnese;688;732;1420
  Gallese;1308;1391;2699
  Gradoli;631;654;1285
  Graffignano;1087;1112;2199
  Grotte di Castro;1254;1261;2515
  Ischia di Castro;1069;1146;2215
  Latera;416;379;795
  Lubriano;424;465;889
  Marta;1588;1738;3326
  Montalto di Castro;4398;4387;8785
  Monte Romano;971;957;1928
  Montefiascone;6346;6707;13053
  Monterosi;2267;2307;4574
  Nepi;4409;4554;8963
  Onano;487;484;971
  Oriolo Romano;1841;1849;3690
  Orte;4569;4647;9216
  Piansano;1018;950;1968
  Proceno;275;254;529
  Ronciglione;4124;4207;8331
  San Lorenzo Nuovo;1005;1027;2032
  Soriano nel Cimino;3909;4102;8011
  Sutri;3212;3270;6482
  Tarquinia;7843;8305;16148
  Tessennano;157;149;306
  Tuscania;3993;4267;8260
  Valentano;1389;1406;2795
  Vallerano;1227;1253;2480
  Vasanello;1927;1987;3914
  Vejano;1089;1098;2187
  Vetralla;6626;6899;13525
  Vignanello;2169;2216;4385
  Villa San Giovanni in Tuscia;625;612;1237
  Viterbo;31999;33912;65911
  Vitorchiano;2561;2646;5207
  Accumoli;303;273;576
  Amatrice;1249;1109;2358
  Antrodoco;1230;1191;2421
  Ascrea;114;102;216
  Belmonte in Sabina;326;312;638
  Borbona;307;295;602
  Borgo Velino;439;501;940
  Borgorose;2238;2102;4340
  Cantalice;1269;1274;2543
  Cantalupo in Sabina;813;826;1639
  Casaprota;348;350;698
  Casperia;586;622;1208
  Castel di Tora;143;124;267
  Castel Sant'Angelo;629;618;1247
  Castelnuovo di Farfa;529;503;1032
  Cittaducale;3234;3361;6595
  Cittareale;226;197;423
  Collalto Sabino;200;190;390
  Colle di Tora;189;165;354
  Collegiove;78;65;143
  Collevecchio;748;747;1495
  Colli sul Velino;230;244;474
  Concerviano;130;140;270
  Configni;285;276;561
  Contigliano;1908;1899;3807
  Cottanello;282;245;527
  Fara in Sabina;6679;6851;13530
  Fiamignano;650;591;1241
  Forano;1539;1528;3067
  Frasso Sabino;349;366;715
  Greccio;742;765;1507
  Labro;176;185;361
  Leonessa;1108;1101;2209
  Longone Sabino;286;266;552
  Magliano Sabina;1765;1845;3610
  Marcetelli;37;32;69
  Micigliano;65;48;113
  Mompeo;231;247;478
  Montasola;208;175;383
  Monte San Giovanni in Sabina;339;317;656
  Montebuono;429;430;859
  Monteleone Sabino;575;612;1187
  Montenero Sabino;146;131;277
  Montopoli di Sabina;2037;2071;4108
  Morro Reatino;179;172;351
  Nespolo;110;86;196
  Orvinio;208;183;391
  Paganico Sabino;75;79;154
  Pescorocchiano;997;954;1951
  Petrella Salto;583;499;1082
  Poggio Bustone;979;980;1959
  Poggio Catino;605;656;1261
  Poggio Mirteto;3054;3141;6195
  Poggio Moiano;1385;1389;2774
  Poggio Nativo;1287;1223;2510
  Poggio San Lorenzo;269;240;509
  Posta;317;285;602
  Pozzaglia Sabina;156;158;314
  Rieti;22329;24275;46604
  Rivodutri;587;578;1165
  Rocca Sinibalda;407;365;772
  Roccantica;260;276;536
  Salisano;244;266;510
  Scandriglia;1565;1482;3047
  Selci;535;534;1069
  Stimigliano;1138;1139;2277
  Tarano;684;705;1389
  Toffia;518;520;1038
  Torri in Sabina;614;597;1211
  Torricella in Sabina;679;648;1327
  Turania;131;90;221
  Vacone;108;117;225
  Varco Sabino;93;78;171
  Affile;727;737;1464
  Agosta;841;876;1717
  Albano Laziale;19017;20594;39611
  Allumiere;1927;1952;3879
  Anguillara Sabazia;9396;9716;19112
  Anticoli Corrado;415;426;841
  Anzio;25991;26344;52335
  Arcinazzo Romano;637;640;1277
  Ardea;24819;23896;48715
  Ariccia;8706;9481;18187
  Arsoli;674;767;1441
  Artena;6836;6926;13762
  Bellegra;1345;1423;2768
  Bracciano;9065;9825;18890
  Camerata Nuova;217;201;418
  Campagnano di Roma;5427;5788;11215
  Canale Monterano;2016;2114;4130
  Canterano;187;153;340
  Capena;5368;5276;10644
  Capranica Prenestina;171;144;315
  Carpineto Romano;2063;2163;4226
  Casape;328;340;668
  Castel Gandolfo;4131;4591;8722
  Castel Madama;3574;3582;7156
  Castel San Pietro Romano;412;433;845
  Castelnuovo di Porto;4086;4195;8281
  Cave;5328;5365;10693
  Cerreto Laziale;528;547;1075
  Cervara di Roma;242;198;440
  Cerveteri;18340;18904;37244
  Ciampino;18257;19993;38250
  Ciciliano;649;609;1258
  Cineto Romano;280;295;575
  Civitavecchia;24774;26916;51690
  Civitella San Paolo;998;970;1968
  Colleferro;10083;10841;20924
  Colonna;2036;2170;4206
  Fiano Romano;7771;7653;15424
  Filacciano;206;218;424
  Fiumicino;37807;38290;76097
  Fonte Nuova;15560;15881;31441
  Formello;6289;6759;13048
  Frascati;10595;11608;22203
  Gallicano nel Lazio;3148;3100;6248
  Gavignano;957;927;1884
  Genazzano;2837;2879;5716
  Genzano di Roma;11235;11888;23123
  Gerano;598;609;1207
  Gorga;347;348;695
  Grottaferrata;9370;10697;20067
  Guidonia Montecelio;43162;43877;87039
  Jenne;162;179;341
  Labico;3151;3220;6371
  Ladispoli;19313;20271;39584
  Lanuvio;6612;6607;13219
  Lariano;6571;6765;13336
  Licenza;442;454;896
  Magliano Romano;734;721;1455
  Mandela;445;443;888
  Manziana;3751;3944;7695
  Marano Equo;394;378;772
  Marcellina;3516;3498;7014
  Marino;21764;22980;44744
  Mazzano Romano;1495;1500;2995
  Mentana;11510;11799;23309
  Monte Compatri;5820;5982;11802
  Monte Porzio Catone;4108;4415;8523
  Monteflavio;569;663;1232
  Montelanico;1012;1060;2072
  Montelibretti;2475;2696;5171
  Monterotondo;19796;21102;40898
  Montorio Romano;1010;995;2005
  Moricone;1236;1232;2468
  Morlupo;4013;4273;8286
  Nazzano;680;653;1333
  Nemi;937;925;1862
  Nerola;948;963;1911
  Nettuno;23654;24100;47754
  Olevano Romano;3257;3280;6537
  Palestrina;10831;11164;21995
  Palombara Sabina;6286;6402;12688
  Percile;111;101;212
  Pisoniano;356;372;728
  Poli;1128;1153;2281
  Pomezia;30554;30792;61346
  Ponzano Romano;581;538;1119
  Riano;5182;5211;10393
  Rignano Flaminio;4908;5191;10099
  Riofreddo;363;369;732
  Rocca Canterano;98;84;182
  Rocca di Cave;179;175;354
  Rocca di Papa;8505;8442;16947
  Rocca Priora;5963;5898;11861
  Rocca Santo Stefano;485;456;941
  Roccagiovine;125;130;255
  Roiate;328;343;671
  Roma;1328672;1479621;2808293
  Roviano;617;682;1299
  Sacrofano;3634;3767;7401
  Sambuci;419;442;861
  San Cesareo;7872;7874;15746
  San Gregorio da Sassola;733;724;1457
  San Polo dei Cavalieri;1413;1375;2788
  San Vito Romano;1612;1606;3218
  Santa Marinella;8786;9388;18174
  Sant'Angelo Romano;2395;2423;4818
  Sant'Oreste;1777;1799;3576
  Saracinesco;99;69;168
  Segni;4467;4672;9139
  Subiaco;4301;4398;8699
  Tivoli;26600;27766;54366
  Tolfa;2500;2454;4954
  Torrita Tiberina;518;534;1052
  Trevignano Romano;2734;2907;5641
  Vallepietra;123;133;256
  Vallinfreda;151;137;288
  Valmontone;7521;7685;15206
  Velletri;25885;27052;52937
  Vicovaro;1846;1888;3734
  Vivaro Romano;84;72;156
  Zagarolo;8986;8926;17912
  Aprilia;36024;36835;72859
  Bassiano;753;706;1459
  Campodimele;307;269;576
  Castelforte;2071;2204;4275
  Cisterna di Latina;17702;17998;35700
  Cori;5243;5332;10575
  Fondi;19349;19491;38840
  Formia;18014;19535;37549
  Gaeta;9639;10432;20071
  Itri;5246;5142;10388
  Latina;62070;64967;127037
  Lenola;2041;2077;4118
  Maenza;1505;1523;3028
  Minturno;9601;9991;19592
  Monte San Biagio;3166;3072;6238
  Norma;1851;1946;3797
  Pontinia;7375;7388;14763
  Ponza;1724;1585;3309
  Priverno;6764;7075;13839
  Prossedi;610;577;1187
  Rocca Massima;568;533;1101
  Roccagorga;2119;2152;4271
  Roccasecca dei Volsci;569;542;1111
  Sabaudia;9893;9446;19339
  San Felice Circeo;4946;4660;9606
  Santi Cosma e Damiano;3354;3427;6781
  Sermoneta;4982;4987;9969
  Sezze;11808;11740;23548
  Sonnino;3733;3740;7473
  Sperlonga;1598;1601;3199
  Spigno Saturnia;1401;1490;2891
  Terracina;21644;21734;43378
  Ventotene;393;332;725
  Acquafondata;138;126;264
  Acuto;923;948;1871
  Alatri;13584;14067;27651
  Alvito;1280;1278;2558
  Amaseno;2133;2119;4252
  Anagni;10356;10715;21071
  Aquino;2496;2566;5062
  Arce;2714;2778;5492
  Arnara;1071;1183;2254
  Arpino;3378;3565;6943
  Atina;2031;2160;4191
  Ausonia;1244;1259;2503
  Belmonte Castello;358;336;694
  Boville Ernica;4197;4260;8457
  Broccostella;1329;1396;2725
  Campoli Appennino;813;836;1649
  Casalattico;239;265;504
  Casalvieri;1253;1270;2523
  Cassino;17863;18338;36201
  Castelliri;1649;1657;3306
  Castelnuovo Parano;426;439;865
  Castro dei Volsci;2232;2374;4606
  Castrocielo;1881;1993;3874
  Ceccano;11015;11479;22494
  Ceprano;4169;4284;8453
  Cervaro;3880;4017;7897
  Colfelice;896;934;1830
  Colle San Magno;336;320;656
  Collepardo;468;444;912
  Coreno Ausonio;772;796;1568
  Esperia;1905;1896;3801
  Falvaterra;277;259;536
  Ferentino;9973;10064;20037
  Filettino;264;241;505
  Fiuggi;5060;5282;10342
  Fontana Liri;1371;1422;2793
  Fontechiari;601;675;1276
  Frosinone;21418;23413;44831
  Fumone;1000;1043;2043
  Gallinaro;586;644;1230
  Giuliano di Roma;1193;1218;2411
  Guarcino;757;760;1517
  Isola del Liri;5349;5767;11116
  Monte San Giovanni Campano;6200;6188;12388
  Morolo;1634;1580;3214
  Paliano;3971;4050;8021
  Pastena;664;669;1333
  Patrica;1540;1572;3112
  Pescosolido;742;733;1475
  Picinisco;543;579;1122
  Pico;1358;1408;2766
  Piedimonte San Germano;3154;3151;6305
  Piglio;2215;2253;4468
  Pignataro Interamna;1200;1265;2465
  Pofi;1996;2006;4002
  Pontecorvo;6176;6412;12588
  Posta Fibreno;529;559;1088
  Ripi;2510;2572;5082
  Rocca d'Arce;466;465;931
  Roccasecca;3638;3575;7213
  San Biagio Saracinisco;150;159;309
  San Donato Val di Comino;941;1023;1964
  San Giorgio a Liri;1504;1553;3057
  San Giovanni Incarico;1576;1623;3199
  San Vittore del Lazio;1238;1238;2476
  Sant'Ambrogio sul Garigliano;481;440;921
  Sant'Andrea del Garigliano;692;695;1387
  Sant'Apollinare;896;954;1850
  Sant'Elia Fiumerapido;2909;2938;5847
  Santopadre;637;632;1269
  Serrone;1511;1458;2969
  Settefrati;344;365;709
  Sgurgola;1178;1276;2454
  Sora;12508;13110;25618
  Strangolagalli;1131;1213;2344
  Supino;2367;2393;4760
  Terelle;153;172;325
  Torre Cajetani;683;666;1349
  Torrice;2359;2386;4745
  Trevi nel Lazio;923;860;1783
  Trivigliano;797;824;1621
  Vallecorsa;1240;1281;2521
  Vallemaio;447;459;906
  Vallerotonda;722;735;1457
  Veroli;9747;9996;19743
  Vicalvi;348;385;733
  Vico nel Lazio;1050;1081;2131
  Villa Latina;585;599;1184
  Villa Santa Lucia;1270;1268;2538
  Villa Santo Stefano;832;859;1691
  Viticuso;150;155;305
  Acciano;164;146;310
  Aielli;715;745;1460
  Alfedena;505;417;922
  Anversa degli Abruzzi;161;162;323
  Ateleta;553;561;1114
  Avezzano;20052;21448;41500
  Balsorano;1632;1660;3292
  Barete;323;316;639
  Barisciano;845;873;1718
  Barrea;354;361;715
  Bisegna;95;113;208
  Bugnara;524;545;1069
  Cagnano Amiterno;606;624;1230
  Calascio;67;66;133
  Campo di Giove;394;390;784
  Campotosto;247;237;484
  Canistro;466;495;961
  Cansano;110;132;242
  Capestrano;420;446;866
  Capistrello;2458;2564;5022
  Capitignano;312;323;635
  Caporciano;105;102;207
  Cappadocia;315;243;558
  Carapelle Calvisio;43;42;85
  Carsoli;2598;2657;5255
  Castel del Monte;245;196;441
  Castel di Ieri;147;155;302
  Castel di Sangro;3367;3270;6637
  Castellafiume;553;514;1067
  Castelvecchio Calvisio;53;71;124
  Castelvecchio Subequo;402;472;874
  Celano;5392;5244;10636
  Cerchio;770;787;1557
  Civita d'Antino;487;480;967
  Civitella Alfedena;146;139;285
  Civitella Roveto;1595;1540;3135
  Cocullo;103;109;212
  Collarmele;404;467;871
  Collelongo;588;558;1146
  Collepietro;105;112;217
  Corfinio;509;497;1006
  Fagnano Alto;186;196;382
  Fontecchio;149;162;311
  Fossa;342;355;697
  Gagliano Aterno;121;126;247
  Gioia dei Marsi;899;843;1742
  Goriano Sicoli;277;247;524
  Introdacqua;994;1039;2033
  L'Aquila;34425;35594;70019
  Lecce nei Marsi;753;807;1560
  Luco dei Marsi;3105;2976;6081
  Lucoli;473;432;905
  Magliano de' Marsi;1753;1824;3577
  Massa d'Albe;706;687;1393
  Molina Aterno;187;183;370
  Montereale;1183;1138;2321
  Morino;698;691;1389
  Navelli;277;242;519
  Ocre;563;558;1121
  Ofena;214;224;438
  Opi;202;193;395
  Oricola;633;637;1270
  Ortona dei Marsi;212;241;453
  Ortucchio;885;878;1763
  Ovindoli;599;577;1176
  Pacentro;566;559;1125
  Pereto;337;315;652
  Pescasseroli;1080;1041;2121
  Pescina;1886;1980;3866
  Pescocostanzo;585;545;1130
  Pettorano sul Gizio;736;667;1403
  Pizzoli;2201;2045;4246
  Poggio Picenze;510;550;1060
  Prata d'Ansidonia;236;226;462
  Pratola Peligna;3595;3711;7306
  Prezza;457;461;918
  Raiano;1282;1406;2688
  Rivisondoli;374;303;677
  Rocca di Botte;443;401;844
  Rocca di Cambio;255;225;480
  Rocca di Mezzo;727;721;1448
  Rocca Pia;94;85;179
  Roccacasale;321;306;627
  Roccaraso;793;800;1593
  San Benedetto dei Marsi;1899;1915;3814
  San Benedetto in Perillis;48;46;94
  San Demetrio ne' Vestini;941;969;1910
  San Pio delle Camere;336;335;671
  San Vincenzo Valle Roveto;1069;1141;2210
  Sante Marie;559;587;1146
  Sant'Eusanio Forconese;181;200;381
  Santo Stefano di Sessanio;53;62;115
  Scanno;866;901;1767
  Scontrone;285;259;544
  Scoppito;1902;1901;3803
  Scurcola Marsicana;1361;1398;2759
  Secinaro;169;158;327
  Sulmona;11228;12031;23259
  Tagliacozzo;3252;3341;6593
  Tione degli Abruzzi;145;141;286
  Tornimparte;1520;1489;3009
  Trasacco;3058;2955;6013
  Villa Santa Lucia degli Abruzzi;47;46;93
  Villa Sant'Angelo;217;244;461
  Villalago;252;279;531
  Villavallelonga;412;459;871
  Villetta Barrea;317;294;611
  Vittorito;398;452;850
  Alba Adriatica;5855;6379;12234
  Ancarano;918;925;1843
  Arsita;393;409;802
  Atri;5117;5187;10304
  Basciano;1187;1173;2360
  Bellante;3390;3493;6883
  Bisenti;895;878;1773
  Campli;3404;3429;6833
  Canzano;914;913;1827
  Castel Castagna;233;221;454
  Castellalto;3736;3771;7507
  Castelli;510;518;1028
  Castiglione Messer Raimondo;1096;1051;2147
  Castilenti;742;687;1429
  Cellino Attanasio;1203;1171;2374
  Cermignano;782;785;1567
  Civitella del Tronto;2359;2393;4752
  Colledara;1066;1082;2148
  Colonnella;1828;1820;3648
  Controguerra;1120;1144;2264
  Corropoli;2504;2609;5113
  Cortino;322;280;602
  Crognaleto;641;525;1166
  Fano Adriano;143;129;272
  Giulianova;11065;12221;23286
  Isola del Gran Sasso d'Italia;2266;2324;4590
  Martinsicuro;7843;8063;15906
  Montefino;498;487;985
  Montorio al Vomano;3896;3925;7821
  Morro d'Oro;1744;1839;3583
  Mosciano Sant'Angelo;4569;4630;9199
  Nereto;2570;2732;5302
  Notaresco;3200;3266;6466
  Penna Sant'Andrea;833;850;1683
  Pietracamela;134;109;243
  Pineto;7187;7702;14889
  Rocca Santa Maria;260;238;498
  Roseto degli Abruzzi;12431;13151;25582
  Sant'Egidio alla Vibrata;4794;4983;9777
  Sant'Omero;2528;2673;5201
  Silvi;7603;7854;15457
  Teramo;26065;27933;53998
  Torano Nuovo;753;788;1541
  Torricella Sicura;1279;1285;2564
  Tortoreto;5731;6084;11815
  Tossicia;623;670;1293
  Valle Castellana;475;416;891
  Abbateggio;188;175;363
  Alanno;1646;1807;3453
  Bolognano;533;526;1059
  Brittoli;139;126;265
  Bussi sul Tirino;1175;1246;2421
  Cappelle sul Tavo;1967;2028;3995
  Caramanico Terme;940;952;1892
  Carpineto della Nora;288;309;597
  Castiglione a Casauria;389;374;763
  Catignano;642;626;1268
  Cepagatti;5296;5490;10786
  Città Sant'Angelo;7405;7506;14911
  Civitaquana;613;590;1203
  Civitella Casanova;847;862;1709
  Collecorvino;2979;3039;6018
  Corvara;107;118;225
  Cugnoli;691;703;1394
  Elice;817;844;1661
  Farindola;683;736;1419
  Lettomanoppello;1367;1407;2774
  Loreto Aprutino;3597;3679;7276
  Manoppello;3341;3529;6870
  Montebello di Bertona;472;465;937
  Montesilvano;25786;27426;53212
  Moscufo;1579;1551;3130
  Nocciano;897;901;1798
  Penne;5887;6085;11972
  Pescara;56454;63408;119862
  Pescosansonesco;234;247;481
  Pianella;4214;4342;8556
  Picciano;638;676;1314
  Pietranico;221;246;467
  Popoli;2350;2524;4874
  Roccamorice;433;500;933
  Rosciano;1945;2051;3996
  Salle;142;141;283
  San Valentino in Abruzzo Citeriore;903;995;1898
  Sant'Eufemia a Maiella;133;122;255
  Scafa;1732;1855;3587
  Serramonacesca;284;251;535
  Spoltore;9124;9564;18688
  Tocco da Casauria;1225;1258;2483
  Torre de' Passeri;1436;1536;2972
  Turrivalignani;388;423;811
  Vicoli;186;195;381
  Villa Celiera;301;315;616
  Altino;1501;1592;3093
  Archi;1013;1085;2098
  Ari;551;541;1092
  Arielli;530;591;1121
  Atessa;5164;5402;10566
  Bomba;371;382;753
  Borrello;159;163;322
  Bucchianico;2470;2594;5064
  Canosa Sannita;632;665;1297
  Carpineto Sinello;272;274;546
  Carunchio;354;279;633
  Casacanditella;613;608;1221
  Casalanguida;415;453;868
  Casalbordino;2800;3114;5914
  Casalincontrada;1501;1541;3042
  Casoli;2700;2786;5486
  Castel Frentano;2073;2222;4295
  Castelguidone;167;176;343
  Castiglione Messer Marino;789;849;1638
  Celenza sul Trigno;409;439;848
  Chieti;24007;26280;50287
  Civitaluparella;158;151;309
  Civitella Messer Raimondo;396;409;805
  Colledimacine;94;75;169
  Colledimezzo;223;218;441
  Crecchio;1383;1362;2745
  Cupello;2346;2469;4815
  Dogliola;172;152;324
  Fallo;66;54;120
  Fara Filiorum Petri;969;1002;1971
  Fara San Martino;651;679;1330
  Filetto;425;458;883
  Fossacesia;3095;3142;6237
  Fraine;136;156;292
  Francavilla al Mare;11955;13154;25109
  Fresagrandinaria;443;482;925
  Frisa;840;846;1686
  Furci;409;459;868
  Gamberale;139;153;292
  Gessopalena;641;674;1315
  Gissi;1266;1383;2649
  Giuliano Teatino;582;586;1168
  Guardiagrele;4299;4469;8768
  Guilmi;216;203;419
  Lama dei Peligni;545;590;1135
  Lanciano;16675;17863;34538
  Lentella;328;324;652
  Lettopalena;185;145;330
  Liscia;351;328;679
  Miglianico;2344;2397;4741
  Montazzoli;452;453;905
  Montebello sul Sangro;35;47;82
  Monteferrante;57;61;118
  Montelapiano;38;44;82
  Montenerodomo;325;308;633
  Monteodorisio;1178;1185;2363
  Mozzagrogna;1185;1272;2457
  Orsogna;1802;1922;3724
  Ortona;10821;11519;22340
  Paglieta;2080;2127;4207
  Palena;646;645;1291
  Palmoli;427;411;838
  Palombaro;474;486;960
  Pennadomo;104;115;219
  Pennapiedimonte;218;227;445
  Perano;766;788;1554
  Pietraferrazzana;61;69;130
  Pizzoferrato;524;478;1002
  Poggiofiorito;400;432;832
  Pollutri;1032;1096;2128
  Pretoro;427;450;877
  Quadri;358;390;748
  Rapino;613;639;1252
  Ripa Teatina;2027;1984;4011
  Rocca San Giovanni;1159;1131;2290
  Roccamontepiano;795;812;1607
  Roccascalegna;564;571;1135
  Roccaspinalveti;594;639;1233
  Roio del Sangro;43;51;94
  Rosello;101;119;220
  San Buono;484;431;915
  San Giovanni Lipioni;74;76;150
  San Giovanni Teatino;6803;7140;13943
  San Martino sulla Marrucina;446;437;883
  San Salvo;9900;9976;19876
  San Vito Chietino;2557;2605;5162
  Santa Maria Imbaro;1051;996;2047
  Sant'Eusanio del Sangro;1146;1178;2324
  Scerni;1505;1590;3095
  Schiavi di Abruzzo;345;398;743
  Taranta Peligna;175;175;350
  Tollo;1939;1979;3918
  Torino di Sangro;1500;1517;3017
  Tornareccio;838;843;1681
  Torrebruna;370;407;777
  Torrevecchia Teatina;2073;2089;4162
  Torricella Peligna;576;663;1239
  Treglio;816;865;1681
  Tufillo;182;197;379
  Vacri;780;806;1586
  Vasto;19764;20725;40489
  Villa Santa Maria;625;611;1236
  Villalfonsina;452;461;913
  Villamagna;1135;1120;2255
  Acquaviva Collecroce;306;299;605
  Baranello;1261;1322;2583
  Bojano;3752;3925;7677
  Bonefro;627;671;1298
  Busso;583;602;1185
  Campobasso;23174;25163;48337
  Campochiaro;303;319;622
  Campodipietra;1181;1249;2430
  Campolieto;426;405;831
  Campomarino;3998;3748;7746
  Casacalenda;993;1022;2015
  Casalciprano;242;259;501
  Castelbottaccio;130;136;266
  Castellino del Biferno;261;252;513
  Castelmauro;675;703;1378
  Castropignano;427;472;899
  Cercemaggiore;1859;1792;3651
  Cercepiccola;287;337;624
  Civitacampomarano;156;183;339
  Colle d'Anchise;377;383;760
  Colletorto;852;914;1766
  Duronia;199;194;393
  Ferrazzano;1595;1619;3214
  Fossalto;597;643;1240
  Gambatesa;647;701;1348
  Gildone;375;388;763
  Guardialfiera;470;497;967
  Guardiaregia;365;365;730
  Guglionesi;2576;2530;5106
  Jelsi;868;823;1691
  Larino;3281;3361;6642
  Limosano;378;345;723
  Lucito;312;331;643
  Lupara;224;228;452
  Macchia Valfortore;259;258;517
  Mafalda;565;573;1138
  Matrice;527;550;1077
  Mirabello Sannitico;1052;1047;2099
  Molise;84;73;157
  Monacilioni;223;260;483
  Montagano;505;535;1040
  Montecilfone;628;657;1285
  Montefalcone nel Sannio;728;734;1462
  Montelongo;165;169;334
  Montemitro;161;166;327
  Montenero di Bisaccia;3126;3157;6283
  Montorio nei Frentani;201;194;395
  Morrone del Sannio;293;266;559
  Oratino;854;816;1670
  Palata;807;844;1651
  Petacciato;1914;1771;3685
  Petrella Tifernina;524;573;1097
  Pietracatella;611;662;1273
  Pietracupa;105;114;219
  Portocannone;1205;1200;2405
  Provvidenti;59;46;105
  Riccia;2476;2564;5040
  Ripabottoni;234;249;483
  Ripalimosani;1570;1513;3083
  Roccavivara;320;357;677
  Rotello;586;583;1169
  Salcito;337;307;644
  San Biase;75;78;153
  San Felice del Molise;293;298;591
  San Giacomo degli Schiavoni;687;714;1401
  San Giovanni in Galdo;253;275;528
  San Giuliano del Sannio;484;462;946
  San Giuliano di Puglia;491;533;1024
  San Martino in Pensilis;2293;2391;4684
  San Massimo;439;384;823
  San Polo Matese;236;231;467
  Santa Croce di Magliano;2030;2201;4231
  Sant'Angelo Limosano;166;169;335
  Sant'Elia a Pianisi;802;846;1648
  Sepino;967;865;1832
  Spinete;614;611;1225
  Tavenna;302;341;643
  Termoli;16193;16996;33189
  Torella del Sannio;376;349;725
  Toro;641;679;1320
  Trivento;2262;2292;4554
  Tufara;406;433;839
  Ururi;1227;1347;2574
  Vinchiaturo;1655;1680;3335
  Acquaviva d'Isernia;205;194;399
  Agnone;2462;2504;4966
  Bagnoli del Trigno;338;340;678
  Belmonte del Sannio;323;377;700
  Cantalupo nel Sannio;410;338;748
  Capracotta;434;407;841
  Carovilli;640;640;1280
  Carpinone;520;567;1087
  Castel del Giudice;166;150;316
  Castel San Vincenzo;245;238;483
  Castelpetroso;823;795;1618
  Castelpizzuto;90;66;156
  Castelverrino;63;41;104
  Cerro al Volturno;608;589;1197
  Chiauci;110;94;204
  Civitanova del Sannio;460;468;928
  Colli a Volturno;664;663;1327
  Conca Casale;84;87;171
  Filignano;306;300;606
  Forlì del Sannio;318;329;647
  Fornelli;941;940;1881
  Frosolone;1501;1478;2979
  Isernia;10247;11020;21267
  Longano;320;340;660
  Macchia d'Isernia;556;510;1066
  Macchiagodena;855;867;1722
  Miranda;475;497;972
  Montaquila;1217;1156;2373
  Montenero Val Cocchiara;268;245;513
  Monteroduni;1003;1087;2090
  Pesche;856;804;1660
  Pescolanciano;412;417;829
  Pescopennataro;129;128;257
  Pettoranello del Molise;235;199;434
  Pietrabbondante;347;321;668
  Pizzone;163;147;310
  Poggio Sannita;312;309;621
  Pozzilli;1120;1123;2243
  Rionero Sannitico;556;510;1066
  Roccamandolfi;460;437;897
  Roccasicura;258;258;516
  Rocchetta a Volturno;552;539;1091
  San Pietro Avellana;213;236;449
  Santa Maria del Molise;360;338;698
  Sant'Agapito;701;693;1394
  Sant'Angelo del Pesco;180;179;359
  Sant'Elena Sannita;162;130;292
  Scapoli;319;317;636
  Sessano del Molise;344;366;710
  Sesto Campano;1077;1153;2230
  Vastogirardi;333;327;660
  Venafro;5444;5711;11155
  Ailano;613;705;1318
  Alife;3716;3722;7438
  Alvignano;2312;2386;4698
  Arienzo;2626;2720;5346
  Aversa;24703;26641;51344
  Baia e Latina;1021;1055;2076
  Bellona;2964;3075;6039
  Caianello;915;916;1831
  Caiazzo;2606;2734;5340
  Calvi Risorta;2714;2863;5577
  Camigliano;984;1005;1989
  Cancello ed Arnone;2878;2807;5685
  Capodrise;5000;5159;10159
  Capriati a Volturno;716;793;1509
  Capua;8690;9280;17970
  Carinaro;3441;3602;7043
  Carinola;3764;3603;7367
  Casagiove;6527;6975;13502
  Casal di Principe;10684;10822;21506
  Casaluce;4703;4955;9658
  Casapesenna;3402;3495;6897
  Casapulla;4121;4350;8471
  Caserta;34781;39203;73984
  Castel Campagnano;711;791;1502
  Castel di Sasso;549;563;1112
  Castel Morrone;1781;1914;3695
  Castel Volturno;13423;12751;26174
  Castello del Matese;680;742;1422
  Cellole;3883;4138;8021
  Cervino;2408;2518;4926
  Cesa;4636;4627;9263
  Ciorlano;192;195;387
  Conca della Campania;580;615;1195
  Curti;3262;3649;6911
  Dragoni;985;1082;2067
  Falciano del Massico;1657;1794;3451
  Fontegreca;393;393;786
  Formicola;663;749;1412
  Francolise;2326;2314;4640
  Frignano;4507;4644;9151
  Gallo Matese;274;267;541
  Galluccio;1006;1039;2045
  Giano Vetusto;315;345;660
  Gioia Sannitica;1710;1742;3452
  Grazzanise;3447;3464;6911
  Gricignano di Aversa;6275;6253;12528
  Letino;312;349;661
  Liberi;526;572;1098
  Lusciano;7700;8081;15781
  Macerata Campania;4982;5190;10172
  Maddaloni;18463;19447;37910
  Marcianise;19049;19899;38948
  Marzano Appio;1075;1047;2122
  Mignano Monte Lungo;1496;1556;3052
  Mondragone;14630;14446;29076
  Orta di Atella;13748;13807;27555
  Parete;5896;6012;11908
  Pastorano;1498;1520;3018
  Piana di Monte Verna;1158;1097;2255
  Piedimonte Matese;5111;5493;10604
  Pietramelara;2192;2351;4543
  Pietravairano;1397;1484;2881
  Pignataro Maggiore;2759;2971;5730
  Pontelatone;778;834;1612
  Portico di Caserta;3883;3957;7840
  Prata Sannita;674;748;1422
  Pratella;719;760;1479
  Presenzano;932;858;1790
  Raviscanina;608;651;1259
  Recale;3862;3871;7733
  Riardo;1125;1196;2321
  Rocca d'Evandro;1523;1550;3073
  Roccamonfina;1622;1698;3320
  Roccaromana;381;444;825
  Rocchetta e Croce;225;229;454
  Ruviano;829;886;1715
  San Cipriano d'Aversa;6789;6801;13590
  San Felice a Cancello;8394;8677;17071
  San Gregorio Matese;450;463;913
  San Marcellino;7189;7141;14330
  San Marco Evangelista;3265;3319;6584
  San Nicola la Strada;11025;11254;22279
  San Pietro Infine;432;441;873
  San Potito Sannitico;959;993;1952
  San Prisco;5866;6338;12204
  San Tammaro;2901;2872;5773
  Santa Maria a Vico;6900;7207;14107
  Santa Maria Capua Vetere;15373;17082;32455
  Santa Maria la Fossa;1269;1323;2592
  Sant'Angelo d'Alife;1037;1128;2165
  Sant'Arpino;7389;7442;14831
  Sessa Aurunca;10213;10641;20854
  Sparanise;3522;3773;7295
  Succivo;4323;4350;8673
  Teano;5768;6052;11820
  Teverola;7161;7385;14546
  Tora e Piccilli;400;434;834
  Trentola Ducenta;9724;10046;19770
  Vairano Patenora;3181;3327;6508
  Valle Agricola;390;405;795
  Valle di Maddaloni;1309;1378;2687
  Villa di Briano;3607;3573;7180
  Villa Literno;6290;5928;12218
  Vitulazio;3699;3912;7611
  Airola;4027;4149;8176
  Amorosi;1331;1378;2709
  Apice;2726;2778;5504
  Apollosa;1275;1282;2557
  Arpaia;991;1003;1994
  Arpaise;374;363;737
  Baselice;1056;1172;2228
  Benevento;27819;30519;58338
  Bonea;678;688;1366
  Bucciano;1029;1043;2072
  Buonalbergo;810;820;1630
  Calvi;1274;1307;2581
  Campolattaro;488;507;995
  Campoli del Monte Taburno;862;736;1598
  Casalduni;650;643;1293
  Castelfranco in Miscano;436;426;862
  Castelpagano;693;701;1394
  Castelpoto;569;599;1168
  Castelvenere;1312;1317;2629
  Castelvetere in Val Fortore;518;576;1094
  Cautano;1017;968;1985
  Ceppaloni;1617;1635;3252
  Cerreto Sannita;1837;1904;3741
  Circello;1112;1158;2270
  Colle Sannita;1092;1147;2239
  Cusano Mutri;1982;1975;3957
  Dugenta;1330;1391;2721
  Durazzano;1105;1066;2171
  Faicchio;1737;1791;3528
  Foglianise;1586;1635;3221
  Foiano di Val Fortore;677;716;1393
  Forchia;613;596;1209
  Fragneto l'Abate;477;529;1006
  Fragneto Monforte;864;900;1764
  Frasso Telesino;1068;1112;2180
  Ginestra degli Schiavoni;222;217;439
  Guardia Sanframondi;2353;2402;4755
  Limatola;2064;2016;4080
  Melizzano;896;885;1781
  Moiano;1983;2075;4058
  Molinara;761;775;1536
  Montefalcone di Val Fortore;647;758;1405
  Montesarchio;6475;6751;13226
  Morcone;2318;2426;4744
  Paduli;1897;1922;3819
  Pago Veiano;1157;1206;2363
  Pannarano;1069;1008;2077
  Paolisi;1045;1007;2052
  Paupisi;831;798;1629
  Pesco Sannita;922;1003;1925
  Pietraroja;233;282;515
  Pietrelcina;1510;1486;2996
  Ponte;1199;1293;2492
  Pontelandolfo;1019;1064;2083
  Puglianello;676;677;1353
  Reino;580;573;1153
  San Bartolomeo in Galdo;2205;2323;4528
  San Giorgio del Sannio;4763;5174;9937
  San Giorgio La Molara;1481;1458;2939
  San Leucio del Sannio;1486;1527;3013
  San Lorenzello;1088;1102;2190
  San Lorenzo Maggiore;1017;1004;2021
  San Lupo;364;367;731
  San Marco dei Cavoti;1524;1635;3159
  San Martino Sannita;598;594;1192
  San Nazzaro;437;428;865
  San Nicola Manfredi;1819;1815;3634
  San Salvatore Telesino;1967;1994;3961
  Santa Croce del Sannio;433;435;868
  Sant'Agata de' Goti;5403;5382;10785
  Sant'Angelo a Cupolo;2112;2163;4275
  Sant'Arcangelo Trimonte;262;250;512
  Sassinoro;300;337;637
  Solopaca;1669;1992;3661
  Telese Terme;3714;3987;7701
  Tocco Caudio;718;740;1458
  Torrecuso;1694;1663;3357
  Vitulano;1464;1387;2851
  Acerra;29061;29943;59004
  Afragola;30886;31922;62808
  Agerola;3796;3895;7691
  Anacapri;3413;3547;6960
  Arzano;16547;17209;33756
  Bacoli;12629;13215;25844
  Barano d'Ischia;4943;5066;10009
  Boscoreale;13390;13815;27205
  Boscotrecase;4898;5153;10051
  Brusciano;7901;8183;16084
  Caivano;18316;18910;37226
  Calvizzano;5811;6261;12072
  Camposano;2492;2698;5190
  Capri;3487;3593;7080
  Carbonara di Nola;1241;1242;2483
  Cardito;10786;11082;21868
  Casalnuovo di Napoli;23249;24467;47716
  Casamarciano;1575;1633;3208
  Casamicciola Terme;3882;4130;8012
  Casandrino;7084;6477;13561
  Casavatore;9035;9511;18546
  Casola di Napoli;1837;1927;3764
  Casoria;36284;38665;74949
  Castellammare di Stabia;30805;33661;64466
  Castello di Cisterna;3884;4016;7900
  Cercola;8278;8900;17178
  Cicciano;6106;6498;12604
  Cimitile;3393;3696;7089
  Comiziano;853;889;1742
  Crispano;5931;6063;11994
  Ercolano;25105;26483;51588
  Forio;8734;8776;17510
  Frattamaggiore;13858;14877;28735
  Frattaminore;7816;8035;15851
  Giugliano in Campania;58703;59873;118576
  Gragnano;14011;14531;28542
  Grumo Nevano;8812;8848;17660
  Ischia;9730;9771;19501
  Lacco Ameno;2282;2435;4717
  Lettere;3141;3033;6174
  Liveri;751;806;1557
  Marano di Napoli;28219;29913;58132
  Mariglianella;3899;3985;7884
  Marigliano;13899;15040;28939
  Massa di Somma;2488;2635;5123
  Massa Lubrense;6875;7095;13970
  Melito di Napoli;17656;18192;35848
  Meta;3781;4137;7918
  Monte di Procida;6033;6395;12428
  Mugnano di Napoli;16883;17922;34805
  Napoli;454402;494448;948850
  Nola;16569;17697;34266
  Ottaviano;11489;12011;23500
  Palma Campania;8270;7737;16007
  Piano di Sorrento;6150;6633;12783
  Pimonte;2980;2977;5957
  Poggiomarino;10962;10918;21880
  Pollena Trocchia;6417;6895;13312
  Pomigliano d'Arco;19220;20874;40094
  Pompei;12004;13111;25115
  Portici;25088;28397;53485
  Pozzuoli;38469;40938;79407
  Procida;5071;5217;10288
  Qualiano;12512;12706;25218
  Quarto;19328;20123;39451
  Roccarainola;3287;3521;6808
  San Gennaro Vesuviano;6100;5787;11887
  San Giorgio a Cremano;20677;23123;43800
  San Giuseppe Vesuviano;15502;14480;29982
  San Paolo Bel Sito;1634;1719;3353
  San Sebastiano al Vesuvio;4239;4619;8858
  San Vitaliano;3136;3312;6448
  Santa Maria la Carità;5904;5989;11893
  Sant'Agnello;4303;4617;8920
  Sant'Anastasia;13036;13765;26801
  Sant'Antimo;16337;17003;33340
  Sant'Antonio Abate;9689;9833;19522
  Saviano;7874;8283;16157
  Scisciano;2959;3142;6101
  Serrara Fontana;1531;1551;3082
  Somma Vesuviana;16778;17489;34267
  Sorrento;7697;8378;16075
  Striano;4378;4353;8731
  Terzigno;8968;8843;17811
  Torre Annunziata;19854;21501;41355
  Torre del Greco;40107;42937;83044
  Trecase;4383;4474;8857
  Tufino;1774;1790;3564
  Vico Equense;9970;10511;20481
  Villaricca;14932;15860;30792
  Visciano;2143;2219;4362
  Volla;12281;12707;24988
  Aiello del Sabato;1997;1993;3990
  Altavilla Irpina;2011;2081;4092
  Andretta;839;924;1763
  Aquilonia;811;765;1576
  Ariano Irpino;10531;10966;21497
  Atripalda;5186;5524;10710
  Avella;3709;3899;7608
  Avellino;25065;28281;53346
  Bagnoli Irpino;1547;1556;3103
  Baiano;2206;2343;4549
  Bisaccia;1838;1847;3685
  Bonito;1144;1160;2304
  Cairano;143;155;298
  Calabritto;1122;1175;2297
  Calitri;2123;2312;4435
  Candida;566;535;1101
  Caposele;1652;1710;3362
  Capriglia Irpina;1171;1163;2334
  Carife;659;698;1357
  Casalbore;829;864;1693
  Cassano Irpino;455;455;910
  Castel Baronia;535;557;1092
  Castelfranci;926;983;1909
  Castelvetere sul Calore;778;790;1568
  Cervinara;4500;4689;9189
  Cesinali;1308;1314;2622
  Chianche;244;217;461
  Chiusano di San Domenico;1065;1110;2175
  Contrada;1542;1450;2992
  Conza della Campania;628;668;1296
  Domicella;926;917;1843
  Flumeri;1378;1411;2789
  Fontanarosa;1460;1507;2967
  Forino;2575;2669;5244
  Frigento;1731;1790;3521
  Gesualdo;1694;1716;3410
  Greci;305;323;628
  Grottaminarda;3870;3996;7866
  Grottolella;951;935;1886
  Guardia Lombardi;759;836;1595
  Lacedonia;1072;1086;2158
  Lapio;747;744;1491
  Lauro;1624;1767;3391
  Lioni;3004;3134;6138
  Luogosano;582;540;1122
  Manocalzati;1573;1562;3135
  Marzano di Nola;800;853;1653
  Melito Irpino;944;930;1874
  Mercogliano;5882;6139;12021
  Mirabella Eclano;3618;3723;7341
  Montaguto;186;188;374
  Montecalvo Irpino;1681;1819;3500
  Montefalcione;1566;1636;3202
  Monteforte Irpino;5908;5598;11506
  Montefredane;1057;1102;2159
  Montefusco;634;627;1261
  Montella;3672;3863;7535
  Montemarano;1350;1374;2724
  Montemiletto;2557;2622;5179
  Monteverde;370;369;739
  Montoro;9576;9584;19160
  Morra De Sanctis;568;618;1186
  Moschiano;774;839;1613
  Mugnano del Cardinale;2602;2526;5128
  Nusco;1897;2049;3946
  Ospedaletto d'Alpinolo;1061;1071;2132
  Pago del Vallo di Lauro;853;884;1737
  Parolise;319;326;645
  Paternopoli;1120;1141;2261
  Petruro Irpino;144;141;285
  Pietradefusi;1032;1090;2122
  Pietrastornina;741;724;1465
  Prata di Principato Ultra;1434;1437;2871
  Pratola Serra;1830;1909;3739
  Quadrelle;920;941;1861
  Quindici;945;904;1849
  Rocca San Felice;409;410;819
  Roccabascerana;1148;1168;2316
  Rotondi;1801;1757;3558
  Salza Irpina;365;371;736
  San Mango sul Calore;578;560;1138
  San Martino Valle Caudina;2385;2435;4820
  San Michele di Serino;1255;1238;2493
  San Nicola Baronia;370;391;761
  San Potito Ultra;775;784;1559
  San Sossio Baronia;760;810;1570
  Santa Lucia di Serino;680;702;1382
  Santa Paolina;610;640;1250
  Sant'Andrea di Conza;651;725;1376
  Sant'Angelo a Scala;417;320;737
  Sant'Angelo all'Esca;383;370;753
  Sant'Angelo dei Lombardi;2100;1976;4076
  Santo Stefano del Sole;1013;1070;2083
  Savignano Irpino;552;540;1092
  Scampitella;527;592;1119
  Senerchia;419;364;783
  Serino;3489;3438;6927
  Sirignano;1388;1432;2820
  Solofra;6055;6209;12264
  Sorbo Serpico;283;283;566
  Sperone;1824;1917;3741
  Sturno;1446;1486;2932
  Summonte;748;762;1510
  Taurano;736;773;1509
  Taurasi;1116;1122;2238
  Teora;725;721;1446
  Torella dei Lombardi;1001;1015;2016
  Torre Le Nocelle;614;630;1244
  Torrioni;266;207;473
  Trevico;445;459;904
  Tufo;386;435;821
  Vallata;1280;1341;2621
  Vallesaccarda;621;649;1270
  Venticano;1226;1230;2456
  Villamaina;444;487;931
  Villanova del Battista;748;806;1554
  Volturara Irpina;1493;1615;3108
  Zungoli;500;531;1031
  Acerno;1313;1294;2607
  Agropoli;10677;11072;21749
  Albanella;3150;3203;6353
  Alfano;461;491;952
  Altavilla Silentina;3425;3571;6996
  Amalfi;2371;2530;4901
  Angri;16573;17329;33902
  Aquara;706;708;1414
  Ascea;2933;2965;5898
  Atena Lucana;1193;1193;2386
  Atrani;402;423;825
  Auletta;1104;1119;2223
  Baronissi;8362;8635;16997
  Battipaglia;24725;25686;50411
  Bellizzi;6641;6820;13461
  Bellosguardo;356;387;743
  Bracigliano;2710;2708;5418
  Buccino;2347;2423;4770
  Buonabitacolo;1209;1282;2491
  Caggiano;1324;1330;2654
  Calvanico;718;722;1440
  Camerota;3517;3556;7073
  Campagna;8604;8348;16952
  Campora;179;187;366
  Cannalonga;501;497;998
  Capaccio Paestum;11629;11506;23135
  Casal Velino;2702;2697;5399
  Casalbuono;553;571;1124
  Casaletto Spartano;646;702;1348
  Caselle in Pittari;937;949;1886
  Castel San Giorgio;6625;6780;13405
  Castel San Lorenzo;1099;1193;2292
  Castelcivita;775;772;1547
  Castellabate;4364;4447;8811
  Castelnuovo Cilento;1339;1456;2795
  Castelnuovo di Conza;303;294;597
  Castiglione del Genovesi;695;626;1321
  Cava de' Tirreni;24723;26378;51101
  Celle di Bulgheria;868;930;1798
  Centola;2583;2461;5044
  Ceraso;1134;1153;2287
  Cetara;1015;1047;2062
  Cicerale;596;603;1199
  Colliano;1715;1774;3489
  Conca dei Marini;347;327;674
  Controne;403;395;798
  Contursi Terme;1611;1644;3255
  Corbara;1228;1290;2518
  Corleto Monforte;259;266;525
  Cuccaro Vetere;249;307;556
  Eboli;19647;19103;38750
  Felitto;574;643;1217
  Fisciano;6824;6938;13762
  Furore;400;348;748
  Futani;509;597;1106
  Giffoni Sei Casali;2492;2523;5015
  Giffoni Valle Piana;5785;5977;11762
  Gioi;551;632;1183
  Giungano;642;658;1300
  Ispani;503;491;994
  Laureana Cilento;590;594;1184
  Laurino;692;679;1371
  Laurito;370;370;740
  Laviano;672;704;1376
  Lustra;524;501;1025
  Magliano Vetere;309;330;639
  Maiori;2709;2799;5508
  Mercato San Severino;10746;11211;21957
  Minori;1316;1361;2677
  Moio della Civitella;894;967;1861
  Montano Antilia;909;984;1893
  Monte San Giacomo;731;760;1491
  Montecorice;1357;1248;2605
  Montecorvino Pugliano;5587;5493;11080
  Montecorvino Rovella;6137;6072;12209
  Monteforte Cilento;278;255;533
  Montesano sulla Marcellana;3132;3259;6391
  Morigerati;304;312;616
  Nocera Inferiore;21835;23134;44969
  Nocera Superiore;11804;12213;24017
  Novi Velia;1181;1137;2318
  Ogliastro Cilento;1116;1131;2247
  Olevano sul Tusciano;3288;3377;6665
  Oliveto Citra;1817;1886;3703
  Omignano;807;843;1650
  Orria;512;508;1020
  Ottati;323;320;643
  Padula;2564;2611;5175
  Pagani;17150;17979;35129
  Palomonte;1939;1929;3868
  Pellezzano;5354;5497;10851
  Perdifumo;869;884;1753
  Perito;435;440;875
  Pertosa;324;344;668
  Petina;540;540;1080
  Piaggine;593;641;1234
  Pisciotta;1253;1277;2530
  Polla;2515;2708;5223
  Pollica;1118;1150;2268
  Pontecagnano Faiano;12792;13210;26002
  Positano;1881;1955;3836
  Postiglione;1017;1019;2036
  Praiano;1005;1014;2019
  Prignano Cilento;528;531;1059
  Ravello;1214;1271;2485
  Ricigliano;533;567;1100
  Roccadaspide;3400;3607;7007
  Roccagloriosa;805;800;1605
  Roccapiemonte;4406;4529;8935
  Rofrano;733;709;1442
  Romagnano al Monte;167;204;371
  Roscigno;338;336;674
  Rutino;408;376;784
  Sacco;222;231;453
  Sala Consilina;5814;6134;11948
  Salento;938;957;1895
  Salerno;61577;69979;131556
  Salvitelle;237;268;505
  San Cipriano Picentino;3208;3350;6558
  San Giovanni a Piro;1818;1866;3684
  San Gregorio Magno;1992;2115;4107
  San Mango Piemonte;1331;1358;2689
  San Marzano sul Sarno;5194;5287;10481
  San Mauro Cilento;449;422;871
  San Mauro la Bruca;264;284;548
  San Pietro al Tanagro;820;855;1675
  San Rufo;830;838;1668
  San Valentino Torio;5463;5507;10970
  Santa Marina;1561;1632;3193
  Sant'Angelo a Fasanella;257;288;545
  Sant'Arsenio;1312;1432;2744
  Sant'Egidio del Monte Albino;4313;4484;8797
  Santomenna;210;203;413
  Sanza;1265;1209;2474
  Sapri;3131;3439;6570
  Sarno;15243;15595;30838
  Sassano;2332;2467;4799
  Scafati;24064;25172;49236
  Scala;782;753;1535
  Serramezzana;131;160;291
  Serre;1943;1914;3857
  Sessa Cilento;593;651;1244
  Siano;4663;4900;9563
  Sicignano degli Alburni;1660;1612;3272
  Stella Cilento;333;353;686
  Stio;380;413;793
  Teggiano;3620;3934;7554
  Torchiara;894;945;1839
  Torraca;613;613;1226
  Torre Orsaia;1014;1059;2073
  Tortorella;247;251;498
  Tramonti;2042;2083;4125
  Trentinara;803;784;1587
  Valle dell'Angelo;116;108;224
  Vallo della Lucania;3920;4330;8250
  Valva;802;802;1604
  Vibonati;1617;1640;3257
  Vietri sul Mare;3695;3810;7505
  Accadia;1079;1174;2253
  Alberona;433;461;894
  Anzano di Puglia;557;612;1169
  Apricena;6325;6487;12812
  Ascoli Satriano;3054;2989;6043
  Biccari;1319;1356;2675
  Bovino;1531;1590;3121
  Cagnano Varano;3401;3476;6877
  Candela;1331;1300;2631
  Carapelle;3268;3308;6576
  Carlantino;457;453;910
  Carpino;1969;2003;3972
  Casalnuovo Monterotaro;696;725;1421
  Casalvecchio di Puglia;860;890;1750
  Castelluccio dei Sauri;1021;1030;2051
  Castelluccio Valmaggiore;596;644;1240
  Castelnuovo della Daunia;657;694;1351
  Celenza Valfortore;712;767;1479
  Celle di San Vito;84;79;163
  Cerignola;27399;27925;55324
  Chieuti;795;806;1601
  Deliceto;1802;1842;3644
  Faeto;299;312;611
  Foggia;72935;76738;149673
  Ischitella;2150;2192;4342
  Isole Tremiti;265;187;452
  Lesina;3098;3127;6225
  Lucera;15677;16517;32194
  Manfredonia;27568;27949;55517
  Mattinata;3025;3102;6127
  Monte Sant'Angelo;5763;6091;11854
  Monteleone di Puglia;500;473;973
  Motta Montecorvino;322;357;679
  Ordona;1430;1406;2836
  Orsara di Puglia;1278;1292;2570
  Orta Nova;8441;8609;17050
  Panni;354;387;741
  Peschici;2168;2176;4344
  Pietramontecorvino;1265;1339;2604
  Poggio Imperiale;1287;1300;2587
  Rignano Garganico;924;1006;1930
  Rocchetta Sant'Antonio;862;895;1757
  Rodi Garganico;1733;1781;3514
  Roseto Valfortore;501;543;1044
  San Giovanni Rotondo;13105;13733;26838
  San Marco in Lamis;6363;6675;13038
  San Marco la Catola;456;460;916
  San Nicandro Garganico;7022;7599;14621
  San Paolo di Civitate;2777;2892;5669
  San Severo;24086;25410;49496
  Sant'Agata di Puglia;925;957;1882
  Serracapriola;1825;1953;3778
  Stornara;2863;2815;5678
  Stornarella;2507;2628;5135
  Torremaggiore;8284;8483;16767
  Troia;3369;3575;6944
  Vico del Gargano;3660;3833;7493
  Vieste;6807;6865;13672
  Volturara Appula;182;219;401
  Volturino;788;859;1647
  Zapponeta;1717;1631;3348
  Acquaviva delle Fonti;9776;10413;20189
  Adelfia;8173;8486;16659
  Alberobello;5142;5453;10595
  Altamura;34331;35668;69999
  Bari;151524;163760;315284
  Binetto;1106;1087;2193
  Bitetto;5887;6052;11939
  Bitonto;25889;26657;52546
  Bitritto;5551;5725;11276
  Capurso;7487;7835;15322
  Casamassima;9569;9896;19465
  Cassano delle Murge;7223;7370;14593
  Castellana Grotte;9343;9920;19263
  Cellamare;2808;2914;5722
  Conversano;12724;13159;25883
  Corato;23167;24383;47550
  Gioia del Colle;13284;13830;27114
  Giovinazzo;9439;10085;19524
  Gravina in Puglia;21302;21617;42919
  Grumo Appula;6233;6145;12378
  Locorotondo;6874;7232;14106
  Modugno;18339;19217;37556
  Mola di Bari;12245;12517;24762
  Molfetta;28197;29948;58145
  Monopoli;23441;24660;48101
  Noci;9037;9614;18651
  Noicattaro;12907;13130;26037
  Palo del Colle;10297;10594;20891
  Poggiorsini;690;649;1339
  Polignano a Mare;8623;8940;17563
  Putignano;12748;13308;26056
  Rutigliano;9091;9345;18436
  Ruvo di Puglia;12166;12752;24918
  Sammichele di Bari;3020;3227;6247
  Sannicandro di Bari;4926;4729;9655
  Santeramo in Colle;12818;13108;25926
  Terlizzi;13066;13196;26262
  Toritto;4011;4141;8152
  Triggiano;12873;13636;26509
  Turi;6328;6711;13039
  Valenzano;8484;8957;17441
  Avetrana;3088;3348;6436
  Carosino;3303;3452;6755
  Castellaneta;8034;8361;16395
  Crispiano;6532;6730;13262
  Faggiano;1687;1768;3455
  Fragagnano;2457;2638;5095
  Ginosa;10829;10939;21768
  Grottaglie;15088;16101;31189
  Laterza;7355;7588;14943
  Leporano;4043;4005;8048
  Lizzano;4767;4965;9732
  Manduria;14679;15568;30247
  Martina Franca;23030;24783;47813
  Maruggio;2617;2620;5237
  Massafra;15780;16283;32063
  Monteiasi;2663;2829;5492
  Montemesola;1823;1889;3712
  Monteparano;1132;1195;2327
  Mottola;7637;7981;15618
  Palagianello;3703;3927;7630
  Palagiano;7932;7995;15927
  Pulsano;5611;5752;11363
  Roccaforzata;884;910;1794
  San Giorgio Ionico;7008;7525;14533
  San Marzano di San Giuseppe;4493;4522;9015
  Sava;7507;7999;15506
  Statte;6569;6852;13421
  Taranto;91215;99835;191050
  Torricella;2053;2116;4169
  Brindisi;40513;43952;84465
  Carovigno;8636;8460;17096
  Ceglie Messapica;9163;10078;19241
  Cellino San Marco;3012;3321;6333
  Cisternino;5494;5863;11357
  Erchie;4094;4299;8393
  Fasano;19001;20024;39025
  Francavilla Fontana;17150;18347;35497
  Latiano;6767;7178;13945
  Mesagne;12370;13508;25878
  Oria;7177;7663;14840
  Ostuni;14703;15930;30633
  San Donaci;3052;3246;6298
  San Michele Salentino;3078;3158;6236
  San Pancrazio Salentino;4653;4971;9624
  San Pietro Vernotico;6321;6974;13295
  San Vito dei Normanni;9004;9520;18524
  Torchiarolo;2576;2682;5258
  Torre Santa Susanna;4984;5278;10262
  Villa Castelli;4518;4517;9035
  Acquarica del Capo;0;0;0
  Alessano;3004;3249;6253
  Alezio;2716;2960;5676
  Alliste;3132;3401;6533
  Andrano;2262;2404;4666
  Aradeo;4342;4745;9087
  Arnesano;1982;2013;3995
  Bagnolo del Salento;884;924;1808
  Botrugno;1265;1410;2675
  Calimera;3199;3650;6849
  Campi Salentina;4745;5237;9982
  Cannole;837;832;1669
  Caprarica di Lecce;1139;1247;2386
  Carmiano;5717;6031;11748
  Carpignano Salentino;1842;1862;3704
  Casarano;9353;10379;19732
  Castri di Lecce;1382;1423;2805
  Castrignano de' Greci;1821;1958;3779
  Castrignano del Capo;2491;2716;5207
  Castro;1101;1238;2339
  Cavallino;6050;6536;12586
  Collepasso;2786;2989;5775
  Copertino;11402;12092;23494
  Corigliano d'Otranto;2683;3016;5699
  Corsano;2626;2652;5278
  Cursi;1953;2046;3999
  Cutrofiano;4182;4616;8798
  Diso;1390;1516;2906
  Gagliano del Capo;2461;2593;5054
  Galatina;12524;13677;26201
  Galatone;7289;7856;15145
  Gallipoli;9824;10417;20241
  Giuggianello;566;589;1155
  Giurdignano;950;985;1935
  Guagnano;2681;2897;5578
  Lecce;44437;49428;93865
  Lequile;4163;4413;8576
  Leverano;6769;7112;13881
  Lizzanello;5700;5986;11686
  Maglie;6528;7365;13893
  Martano;4207;4578;8785
  Martignano;792;812;1604
  Matino;5414;5810;11224
  Melendugno;4867;5065;9932
  Melissano;3311;3570;6881
  Melpignano;1060;1121;2181
  Miggiano;1601;1810;3411
  Minervino di Lecce;1666;1890;3556
  Monteroni di Lecce;6632;7041;13673
  Montesano Salentino;1271;1351;2622
  Morciano di Leuca;1455;1698;3153
  Muro Leccese;2337;2528;4865
  Nardò;14660;16097;30757
  Neviano;2400;2669;5069
  Nociglia;1022;1169;2191
  Novoli;3680;4056;7736
  Ortelle;1132;1167;2299
  Otranto;2818;3009;5827
  Palmariggi;711;719;1430
  Parabita;4195;4595;8790
  Patù;777;865;1642
  Poggiardo;2817;3095;5912
  Porto Cesareo;3138;3092;6230
  Presicce;0;0;0
  Presicce-Acquarica;4584;5024;9608
  Racale;5245;5542;10787
  Ruffano;4560;4943;9503
  Salice Salentino;3867;4182;8049
  Salve;2166;2385;4551
  San Cassiano;987;998;1985
  San Cesario di Lecce;3794;4193;7987
  San Donato di Lecce;2584;2967;5551
  San Pietro in Lama;1640;1836;3476
  Sanarica;706;755;1461
  Sannicola;2760;2978;5738
  Santa Cesarea Terme;1393;1542;2935
  Scorrano;3321;3488;6809
  Seclì;872;970;1842
  Sogliano Cavour;1954;2014;3968
  Soleto;2541;2784;5325
  Specchia;2241;2408;4649
  Spongano;1673;1860;3533
  Squinzano;6602;7103;13705
  Sternatia;1036;1185;2221
  Supersano;2118;2141;4259
  Surano;733;844;1577
  Surbo;7110;7487;14597
  Taurisano;5565;5981;11546
  Taviano;5612;6106;11718
  Tiggiano;1406;1403;2809
  Trepuzzi;6740;7336;14076
  Tricase;8355;8898;17253
  Tuglie;2474;2687;5161
  Ugento;5883;6331;12214
  Uggiano la Chiesa;2050;2305;4355
  Veglie;6563;7108;13671
  Vernole;3347;3594;6941
  Zollino;902;995;1897
  Andria;48621;49793;98414
  Barletta;46300;46975;93275
  Bisceglie;27112;27517;54629
  Canosa di Puglia;14250;14723;28973
  Margherita di Savoia;5576;5828;11404
  Minervino Murge;4194;4349;8543
  San Ferdinando di Puglia;6914;6933;13847
  Spinazzola;2977;3227;6204
  Trani;27357;28048;55405
  Trinitapoli;6855;7252;14107
  Abriola;660;709;1369
  Acerenza;1130;1133;2263
  Albano di Lucania;706;670;1376
  Anzi;765;829;1594
  Armento;281;297;578
  Atella;1882;1889;3771
  Avigliano;5321;5608;10929
  Balvano;925;872;1797
  Banzi;652;624;1276
  Baragiano;1268;1299;2567
  Barile;1323;1404;2727
  Bella;2434;2435;4869
  Brienza;1962;1966;3928
  Brindisi Montagna;441;409;850
  Calvello;873;959;1832
  Calvera;180;184;364
  Campomaggiore;370;385;755
  Cancellara;601;612;1213
  Carbone;278;286;564
  Castelgrande;436;428;864
  Castelluccio Inferiore;974;1011;1985
  Castelluccio Superiore;367;373;740
  Castelmezzano;367;391;758
  Castelsaraceno;612;662;1274
  Castronuovo di Sant'Andrea;463;506;969
  Cersosimo;290;298;588
  Chiaromonte;924;946;1870
  Corleto Perticara;1232;1219;2451
  Episcopia;657;669;1326
  Fardella;286;295;581
  Filiano;1399;1435;2834
  Forenza;980;951;1931
  Francavilla in Sinni;2041;2076;4117
  Gallicchio;443;399;842
  Genzano di Lucania;2734;2794;5528
  Ginestra;367;354;721
  Grumento Nova;807;833;1640
  Guardia Perticara;257;275;532
  Lagonegro;2473;2676;5149
  Latronico;2102;2178;4280
  Laurenzana;822;854;1676
  Lauria;5963;6327;12290
  Lavello;6646;6517;13163
  Maratea;2421;2522;4943
  Marsico Nuovo;1912;2098;4010
  Marsicovetere;2776;2799;5575
  Maschito;775;793;1568
  Melfi;8521;8747;17268
  Missanello;273;265;538
  Moliterno;1788;1966;3754
  Montemilone;752;747;1499
  Montemurro;566;591;1157
  Muro Lucano;2564;2605;5169
  Nemoli;684;731;1415
  Noepoli;366;423;789
  Oppido Lucano;1813;1807;3620
  Palazzo San Gervasio;2353;2313;4666
  Paterno;1555;1647;3202
  Pescopagano;876;901;1777
  Picerno;2860;2833;5693
  Pietragalla;1931;2000;3931
  Pietrapertosa;456;493;949
  Pignola;3394;3454;6848
  Potenza;31953;34440;66393
  Rapolla;2142;2104;4246
  Rapone;432;479;911
  Rionero in Vulture;6274;6427;12701
  Ripacandida;834;825;1659
  Rivello;1286;1376;2662
  Roccanova;686;729;1415
  Rotonda;1719;1676;3395
  Ruoti;1712;1752;3464
  Ruvo del Monte;499;526;1025
  San Chirico Nuovo;624;641;1265
  San Chirico Raparo;479;477;956
  San Costantino Albanese;318;328;646
  San Fele;1337;1423;2760
  San Martino d'Agri;360;345;705
  San Paolo Albanese;104;125;229
  San Severino Lucano;728;746;1474
  Sant'Angelo Le Fratte;682;688;1370
  Sant'Arcangelo;3071;3175;6246
  Sarconi;711;702;1413
  Sasso di Castalda;416;374;790
  Satriano di Lucania;1137;1145;2282
  Savoia di Lucania;539;523;1062
  Senise;3388;3410;6798
  Spinoso;680;722;1402
  Teana;260;302;562
  Terranova di Pollino;528;575;1103
  Tito;3603;3646;7249
  Tolve;1566;1545;3111
  Tramutola;1462;1519;2981
  Trecchina;1039;1135;2174
  Trivigno;295;317;612
  Vaglio Basilicata;932;1014;1946
  Venosa;5624;5722;11346
  Vietri di Potenza;1377;1374;2751
  Viggianello;1412;1430;2842
  Viggiano;1703;1650;3353
  Accettura;852;870;1722
  Aliano;454;450;904
  Bernalda;5927;6006;11933
  Calciano;349;337;686
  Cirigliano;135;176;311
  Colobraro;557;572;1129
  Craco;337;331;668
  Ferrandina;4082;4187;8269
  Garaguso;513;513;1026
  Gorgoglione;459;444;903
  Grassano;2471;2457;4928
  Grottole;1053;1099;2152
  Irsina;2282;2345;4627
  Matera;29550;30980;60530
  Miglionico;1245;1197;2442
  Montalbano Jonico;3404;3504;6908
  Montescaglioso;4749;4848;9597
  Nova Siri;3359;3357;6716
  Oliveto Lucano;179;205;384
  Pisticci;8383;8595;16978
  Policoro;8670;9118;17788
  Pomarico;1988;2019;4007
  Rotondella;1223;1304;2527
  Salandra;1299;1342;2641
  San Giorgio Lucano;563;547;1110
  San Mauro Forte;685;692;1377
  Scanzano Jonico;3739;3731;7470
  Stigliano;1829;2042;3871
  Tricarico;2453;2518;4971
  Tursi;2443;2419;4862
  Valsinni;676;740;1416
  Acquaformosa;525;532;1057
  Acquappesa;869;896;1765
  Acri;9650;10287;19937
  Aiello Calabro;769;809;1578
  Aieta;371;377;748
  Albidona;606;637;1243
  Alessandria del Carretto;205;179;384
  Altilia;362;318;680
  Altomonte;2060;2144;4204
  Amantea;6800;7141;13941
  Amendolara;1389;1396;2785
  Aprigliano;1268;1323;2591
  Belmonte Calabro;891;956;1847
  Belsito;454;451;905
  Belvedere Marittimo;4353;4819;9172
  Bianchi;630;607;1237
  Bisignano;4960;5050;10010
  Bocchigliero;557;638;1195
  Bonifati;1285;1397;2682
  Buonvicino;1033;1122;2155
  Calopezzati;638;669;1307
  Caloveto;579;593;1172
  Campana;783;836;1619
  Canna;320;358;678
  Cariati;3791;4010;7801
  Carolei;1638;1603;3241
  Carpanzano;108;116;224
  Casali del Manco;4841;4958;9799
  Cassano all'Ionio;8496;8554;17050
  Castiglione Cosentino;1480;1360;2840
  Castrolibero;4607;4923;9530
  Castroregio;134;118;252
  Castrovillari;10425;11241;21666
  Celico;1398;1362;2760
  Cellara;238;245;483
  Cerchiara di Calabria;1161;1164;2325
  Cerisano;1478;1506;2984
  Cervicati;399;406;805
  Cerzeto;660;635;1295
  Cetraro;4843;4914;9757
  Civita;433;439;872
  Cleto;644;574;1218
  Colosimi;563;612;1175
  Corigliano-Rossano;37036;38090;75126
  Cosenza;30859;34764;65623
  Cropalati;512;507;1019
  Crosia;4778;4920;9698
  Diamante;2467;2664;5131
  Dipignano;2096;2190;4286
  Domanico;454;469;923
  Fagnano Castello;1762;1889;3651
  Falconara Albanese;668;668;1336
  Figline Vegliaturo;561;591;1152
  Firmo;966;989;1955
  Fiumefreddo Bruzio;1418;1435;2853
  Francavilla Marittima;1369;1473;2842
  Frascineto;923;1037;1960
  Fuscaldo;4031;4013;8044
  Grimaldi;806;800;1606
  Grisolia;1092;1116;2208
  Guardia Piemontese;823;896;1719
  Lago;1181;1213;2394
  Laino Borgo;885;924;1809
  Laino Castello;359;420;779
  Lappano;452;450;902
  Lattarico;1933;1953;3886
  Longobardi;1167;1121;2288
  Longobucco;1417;1452;2869
  Lungro;1169;1153;2322
  Luzzi;4417;4582;8999
  Maierà;598;600;1198
  Malito;372;375;747
  Malvito;868;859;1727
  Mandatoriccio;1324;1340;2664
  Mangone;951;925;1876
  Marano Marchesato;1646;1728;3374
  Marano Principato;1536;1568;3104
  Marzi;484;475;959
  Mendicino;4692;4659;9351
  Mongrassano;761;769;1530
  Montalto Uffugo;9903;10324;20227
  Montegiordano;828;879;1707
  Morano Calabro;2079;2127;4206
  Mormanno;1379;1434;2813
  Mottafollone;565;589;1154
  Nocara;166;184;350
  Oriolo;946;1041;1987
  Orsomarso;594;607;1201
  Paludi;520;503;1023
  Panettieri;151;160;311
  Paola;7452;8014;15466
  Papasidero;335;326;661
  Parenti;1055;1061;2116
  Paterno Calabro;692;669;1361
  Pedivigliano;383;418;801
  Piane Crati;687;723;1410
  Pietrafitta;590;617;1207
  Pietrapaola;494;557;1051
  Plataci;349;338;687
  Praia a Mare;3091;3451;6542
  Rende;17437;18197;35634
  Rocca Imperiale;1610;1652;3262
  Roggiano Gravina;3398;3568;6966
  Rogliano;2878;2754;5632
  Rose;2133;2168;4301
  Roseto Capo Spulico;938;940;1878
  Rota Greca;531;514;1045
  Rovito;1568;1539;3107
  San Basile;476;538;1014
  San Benedetto Ullano;718;732;1450
  San Cosmo Albanese;276;325;601
  San Demetrio Corone;1585;1698;3283
  San Donato di Ninea;603;637;1240
  San Fili;1303;1273;2576
  San Giorgio Albanese;670;698;1368
  San Giovanni in Fiore;8056;8539;16595
  San Lorenzo Bellizzi;279;290;569
  San Lorenzo del Vallo;1590;1563;3153
  San Lucido;2913;2974;5887
  San Marco Argentano;3561;3668;7229
  San Martino di Finita;475;494;969
  San Nicola Arcella;936;946;1882
  San Pietro in Amantea;244;247;491
  San Pietro in Guarano;1730;1801;3531
  San Sosti;1060;1024;2084
  San Vincenzo La Costa;1038;1044;2082
  Sangineto;630;617;1247
  Santa Caterina Albanese;562;603;1165
  Santa Domenica Talao;594;584;1178
  Santa Maria del Cedro;2429;2511;4940
  Santa Sofia d'Epiro;1152;1222;2374
  Sant'Agata di Esaro;899;885;1784
  Santo Stefano di Rogliano;818;864;1682
  Saracena;1760;1828;3588
  Scala Coeli;414;473;887
  Scalea;5630;5530;11160
  Scigliano;572;600;1172
  Serra d'Aiello;253;258;511
  Spezzano Albanese;3379;3454;6833
  Spezzano della Sila;2212;2166;4378
  Tarsia;970;962;1932
  Terranova da Sibari;2375;2362;4737
  Terravecchia;318;343;661
  Torano Castello;2247;2240;4487
  Tortora;2929;3077;6006
  Trebisacce;4287;4563;8850
  Vaccarizzo Albanese;516;557;1073
  Verbicaro;1382;1418;2800
  Villapiana;2684;2741;5425
  Zumpano;1312;1332;2644
  Albi;438;430;868
  Amaroni;845;898;1743
  Amato;379;405;784
  Andali;334;354;688
  Argusto;237;240;477
  Badolato;1396;1501;2897
  Belcastro;633;621;1254
  Borgia;3581;3727;7308
  Botricello;2492;2617;5109
  Caraffa di Catanzaro;882;897;1779
  Cardinale;944;1014;1958
  Carlopoli;725;731;1456
  Catanzaro;41665;45732;87397
  Cenadi;254;260;514
  Centrache;176;193;369
  Cerva;531;576;1107
  Chiaravalle Centrale;2508;2776;5284
  Cicala;441;465;906
  Conflenti;678;672;1350
  Cortale;950;1021;1971
  Cropani;2294;2400;4694
  Curinga;3242;3384;6626
  Davoli;2663;2777;5440
  Decollatura;1498;1506;3004
  Falerna;1912;1864;3776
  Feroleto Antico;984;1030;2014
  Fossato Serralta;284;290;574
  Gagliato;213;228;441
  Gasperina;993;1016;2009
  Gimigliano;1550;1582;3132
  Girifalco;2796;2949;5745
  Gizzeria;2672;2454;5126
  Guardavalle;2089;2193;4282
  Isca sullo Ionio;754;790;1544
  Jacurso;275;317;592
  Lamezia Terme;33561;34645;68206
  Magisano;570;587;1157
  Maida;2221;2281;4502
  Marcedusa;206;195;401
  Marcellinara;1055;1138;2193
  Martirano;419;431;850
  Martirano Lombardo;508;506;1014
  Miglierina;323;394;717
  Montauro;817;874;1691
  Montepaone;2734;2741;5475
  Motta Santa Lucia;409;396;805
  Nocera Terinese;2334;2373;4707
  Olivadi;248;263;511
  Palermiti;541;598;1139
  Pentone;944;1019;1963
  Petrizzi;523;532;1055
  Petronà;1223;1308;2531
  Pianopoli;1285;1304;2589
  Platania;973;1034;2007
  San Floro;350;365;715
  San Mango d'Aquino;726;750;1476
  San Pietro a Maida;1962;1999;3961
  San Pietro Apostolo;763;820;1583
  San Sostene;704;684;1388
  San Vito sullo Ionio;789;878;1667
  Santa Caterina dello Ionio;1047;1031;2078
  Sant'Andrea Apostolo dello Ionio;901;898;1799
  Satriano;1654;1757;3411
  Sellia;240;272;512
  Sellia Marina;3815;3765;7580
  Serrastretta;1476;1521;2997
  Sersale;2162;2272;4434
  Settingiano;1587;1540;3127
  Simeri Crichi;2258;2317;4575
  Sorbo San Basile;392;393;785
  Soverato;4098;4689;8787
  Soveria Mannelli;1402;1548;2950
  Soveria Simeri;739;770;1509
  Squillace;1770;1794;3564
  Stalettì;1183;1170;2353
  Taverna;1284;1272;2556
  Tiriolo;1833;1896;3729
  Torre di Ruggiero;446;517;963
  Vallefiorita;736;852;1588
  Zagarise;740;786;1526
  Africo;1473;1438;2911
  Agnana Calabra;259;237;496
  Anoia;988;1104;2092
  Antonimina;637;619;1256
  Ardore;2388;2493;4881
  Bagaladi;454;519;973
  Bagnara Calabra;4790;4908;9698
  Benestare;1276;1234;2510
  Bianco;1985;2070;4055
  Bivongi;599;643;1242
  Bova;215;191;406
  Bova Marina;2070;2116;4186
  Bovalino;4276;4495;8771
  Brancaleone;1661;1747;3408
  Bruzzano Zeffirio;517;584;1101
  Calanna;384;425;809
  Camini;343;383;726
  Campo Calabro;2152;2257;4409
  Candidoni;209;206;415
  Canolo;347;335;682
  Caraffa del Bianco;220;258;478
  Cardeto;682;776;1458
  Careri;1079;1097;2176
  Casignana;341;374;715
  Caulonia;3463;3496;6959
  Ciminà;281;271;552
  Cinquefrondi;3147;3307;6454
  Cittanova;4843;5185;10028
  Condofuri;2381;2480;4861
  Cosoleto;411;417;828
  Delianuova;1554;1675;3229
  Feroleto della Chiesa;781;809;1590
  Ferruzzano;351;400;751
  Fiumara;424;455;879
  Galatro;745;825;1570
  Gerace;1266;1230;2496
  Giffone;845;865;1710
  Gioia Tauro;9700;9794;19494
  Gioiosa Ionica;3406;3529;6935
  Grotteria;1446;1508;2954
  Laganadi;191;201;392
  Laureana di Borrello;2323;2496;4819
  Locri;5874;6318;12192
  Mammola;1259;1376;2635
  Marina di Gioiosa Ionica;3095;3221;6316
  Maropati;702;723;1425
  Martone;245;257;502
  Melicuccà;402;459;861
  Melicucco;2395;2416;4811
  Melito di Porto Salvo;5293;5489;10782
  Molochio;1162;1213;2375
  Monasterace;1786;1762;3548
  Montebello Jonico;2869;2994;5863
  Motta San Giovanni;2835;2970;5805
  Oppido Mamertina;2502;2573;5075
  Palizzi;1068;1133;2201
  Palmi;8798;9372;18170
  Pazzano;254;256;510
  Placanica;536;566;1102
  Platì;1911;1845;3756
  Polistena;4771;5063;9834
  Portigliola;534;575;1109
  Reggio di Calabria;83749;91136;174885
  Riace;1038;999;2037
  Rizziconi;3842;3828;7670
  Roccaforte del Greco;198;204;402
  Roccella Ionica;2980;3315;6295
  Roghudi;477;486;963
  Rosarno;7055;7082;14137
  Samo;368;388;756
  San Ferdinando;2531;2114;4645
  San Giorgio Morgeto;1455;1563;3018
  San Giovanni di Gerace;202;221;423
  San Lorenzo;1211;1216;2427
  San Luca;1758;1804;3562
  San Pietro di Caridà;514;559;1073
  San Procopio;258;263;521
  San Roberto;805;801;1606
  Santa Cristina d'Aspromonte;420;403;823
  Sant'Agata del Bianco;286;296;582
  Sant'Alessio in Aspromonte;163;160;323
  Sant'Eufemia d'Aspromonte;1904;1990;3894
  Sant'Ilario dello Ionio;684;695;1379
  Santo Stefano in Aspromonte;650;545;1195
  Scido;423;449;872
  Scilla;2301;2459;4760
  Seminara;1252;1311;2563
  Serrata;394;409;803
  Siderno;8548;8853;17401
  Sinopoli;980;973;1953
  Staiti;98;113;211
  Stignano;662;622;1284
  Stilo;1274;1211;2485
  Taurianova;7370;7748;15118
  Terranova Sappo Minulio;246;233;479
  Varapodio;1003;1043;2046
  Villa San Giovanni;6441;6708;13149
  Belvedere di Spinello;1023;1078;2101
  Caccuri;783;811;1594
  Carfizzi;263;295;558
  Casabona;1179;1302;2481
  Castelsilano;462;466;928
  Cerenzia;523;537;1060
  Cirò;1219;1358;2577
  Cirò Marina;7000;7365;14365
  Cotronei;2635;2774;5409
  Crotone;30752;30253;61005
  Crucoli;1395;1531;2926
  Cutro;4981;4994;9975
  Isola di Capo Rizzuto;9196;8486;17682
  Melissa;1658;1679;3337
  Mesoraca;3017;3157;6174
  Pallagorio;515;546;1061
  Petilia Policastro;4445;4431;8876
  Rocca di Neto;2740;2764;5504
  Roccabernarda;1596;1632;3228
  San Mauro Marchesato;995;1039;2034
  San Nicola dell'Alto;351;390;741
  Santa Severina;974;999;1973
  Savelli;550;571;1121
  Scandale;1435;1542;2977
  Strongoli;3125;3272;6397
  Umbriatico;400;393;793
  Verzino;817;887;1704
  Acquaro;955;1032;1987
  Arena;643;675;1318
  Briatico;2291;1898;4189
  Brognaturo;366;326;692
  Capistrano;469;488;957
  Cessaniti;1594;1543;3137
  Dasà;548;577;1125
  Dinami;980;997;1977
  Drapia;993;1048;2041
  Fabrizia;997;1064;2061
  Filadelfia;2484;2593;5077
  Filandari;871;911;1782
  Filogaso;691;659;1350
  Francavilla Angitola;912;928;1840
  Francica;828;804;1632
  Gerocarne;1021;996;2017
  Ionadi;2174;2240;4414
  Joppolo;911;908;1819
  Limbadi;1663;1709;3372
  Maierato;1004;1068;2072
  Mileto;3261;3283;6544
  Mongiana;347;339;686
  Monterosso Calabro;792;807;1599
  Nardodipace;615;597;1212
  Nicotera;3084;2959;6043
  Parghelia;606;663;1269
  Pizzo;4472;4648;9120
  Pizzoni;494;535;1029
  Polia;472;471;943
  Ricadi;2436;2447;4883
  Rombiolo;2225;2228;4453
  San Calogero;2018;2026;4044
  San Costantino Calabro;1023;1088;2111
  San Gregorio d'Ippona;1326;1264;2590
  San Nicola da Crissa;626;634;1260
  Sant'Onofrio;1463;1456;2919
  Serra San Bruno;3273;3208;6481
  Simbario;452;473;925
  Sorianello;586;555;1141
  Soriano Calabro;1147;1159;2306
  Spadola;410;403;813
  Spilinga;713;728;1441
  Stefanaconi;1185;1209;2394
  Tropea;2920;3182;6102
  Vallelonga;369;361;730
  Vazzano;468;509;977
  Vibo Valentia;15222;16229;31451
  Zaccanopoli;343;358;701
  Zambrone;871;886;1757
  Zungri;980;952;1932
  Alcamo;22158;22867;45025
  Buseto Palizzolo;1348;1451;2799
  Calatafimi-Segesta;3119;3257;6376
  Campobello di Mazara;5609;5784;11393
  Castellammare del Golfo;7320;7397;14717
  Castelvetrano;14986;15554;30540
  Custonaci;2678;2706;5384
  Erice;12824;13783;26607
  Favignana;2197;2092;4289
  Gibellina;1841;2077;3918
  Marsala;39789;40924;80713
  Mazara del Vallo;24906;25440;50346
  Paceco;5345;5691;11036
  Pantelleria;3725;3771;7496
  Partanna;4963;5178;10141
  Petrosino;4134;3938;8072
  Poggioreale;717;719;1436
  Salaparuta;760;846;1606
  Salemi;5059;5139;10198
  San Vito Lo Capo;2345;2434;4779
  Santa Ninfa;2370;2554;4924
  Trapani;31858;33983;65841
  Valderice;5829;5903;11732
  Vita;915;973;1888
  Alia;1655;1814;3469
  Alimena;894;1015;1909
  Aliminusa;577;552;1129
  Altavilla Milicia;4156;4149;8305
  Altofonte;4810;5074;9884
  Bagheria;26035;27374;53409
  Balestrate;2991;3301;6292
  Baucina;953;945;1898
  Belmonte Mezzagno;5463;5625;11088
  Bisacquino;2091;2213;4304
  Blufi;443;483;926
  Bolognetta;2015;2046;4061
  Bompietro;602;692;1294
  Borgetto;3543;3583;7126
  Caccamo;3951;4038;7989
  Caltavuturo;1821;1925;3746
  Campofelice di Fitalia;232;235;467
  Campofelice di Roccella;3729;3824;7553
  Campofiorito;593;614;1207
  Camporeale;1523;1563;3086
  Capaci;5669;5879;11548
  Carini;19052;19281;38333
  Castelbuono;4142;4310;8452
  Casteldaccia;5634;5846;11480
  Castellana Sicula;1517;1681;3198
  Castronovo di Sicilia;1414;1524;2938
  Cefalà Diana;488;493;981
  Cefalù;6830;7205;14035
  Cerda;2459;2527;4986
  Chiusa Sclafani;1257;1426;2683
  Ciminna;1705;1834;3539
  Cinisi;5886;6067;11953
  Collesano;1849;1999;3848
  Contessa Entellina;781;812;1593
  Corleone;5305;5511;10816
  Ficarazzi;6263;6478;12741
  Gangi;3107;3377;6484
  Geraci Siculo;857;926;1783
  Giardinello;1127;1143;2270
  Giuliana;901;890;1791
  Godrano;557;566;1123
  Gratteri;434;468;902
  Isnello;685;738;1423
  Isola delle Femmine;3504;3480;6984
  Lascari;1743;1863;3606
  Lercara Friddi;3091;3457;6548
  Marineo;3108;3205;6313
  Mezzojuso;1376;1414;2790
  Misilmeri;14156;14502;28658
  Monreale;18290;18921;37211
  Montelepre;2876;3074;5950
  Montemaggiore Belsito;1495;1638;3133
  Palazzo Adriano;906;1029;1935
  Palermo;309030;338392;647422
  Partinico;15391;15526;30917
  Petralia Soprana;1525;1597;3122
  Petralia Sottana;1226;1357;2583
  Piana degli Albanesi;2960;2899;5859
  Polizzi Generosa;1483;1614;3097
  Pollina;1414;1471;2885
  Prizzi;2144;2338;4482
  Roccamena;674;752;1426
  Roccapalumba;1146;1224;2370
  San Cipirello;2518;2654;5172
  San Giuseppe Jato;3990;4246;8236
  San Mauro Castelverde;736;740;1476
  Santa Cristina Gela;501;484;985
  Santa Flavia;5372;5617;10989
  Sciara;1282;1328;2610
  Scillato;289;326;615
  Sclafani Bagni;189;210;399
  Termini Imerese;12507;13086;25593
  Terrasini;6127;6263;12390
  Torretta;2078;2128;4206
  Trabia;5132;4980;10112
  Trappeto;1502;1521;3023
  Ustica;656;646;1302
  Valledolmo;1635;1761;3396
  Ventimiglia di Sicilia;900;945;1845
  Vicari;1226;1332;2558
  Villabate;9560;9941;19501
  Villafrati;1591;1656;3247
  Acquedolci;2686;2834;5520
  Alcara li Fusi;864;958;1822
  Alì;348;356;704
  Alì Terme;1168;1245;2413
  Antillo;427;430;857
  Barcellona Pozzo di Gotto;19657;20842;40499
  Basicò;274;296;570
  Brolo;2768;3018;5786
  Capizzi;1418;1473;2891
  Capo d'Orlando;6196;6937;13133
  Capri Leone;2117;2283;4400
  Caronia;1497;1617;3114
  Casalvecchio Siculo;403;359;762
  Castel di Lucio;595;623;1218
  Castell'Umberto;1422;1530;2952
  Castelmola;531;552;1083
  Castroreale;1117;1181;2298
  Cesarò;1076;1115;2191
  Condrò;225;239;464
  Falcone;1316;1392;2708
  Ficarra;656;718;1374
  Fiumedinisi;659;671;1330
  Floresta;223;228;451
  Fondachelli-Fantina;546;463;1009
  Forza d'Agrò;427;444;871
  Francavilla di Sicilia;1756;1905;3661
  Frazzanò;294;321;615
  Furci Siculo;1539;1652;3191
  Furnari;1892;1945;3837
  Gaggi;1527;1621;3148
  Galati Mamertino;1103;1306;2409
  Gallodoro;163;177;340
  Giardini-Naxos;4328;4800;9128
  Gioiosa Marea;3331;3517;6848
  Graniti;729;714;1443
  Gualtieri Sicaminò;760;866;1626
  Itala;747;803;1550
  Leni;351;335;686
  Letojanni;1354;1418;2772
  Librizzi;785;831;1616
  Limina;347;390;737
  Lipari;6359;6116;12475
  Longi;667;709;1376
  Malfa;493;496;989
  Malvagna;317;342;659
  Mandanici;269;289;558
  Mazzarrà Sant'Andrea;737;715;1452
  Merì;1163;1190;2353
  Messina;109015;118409;227424
  Milazzo;14487;15448;29935
  Militello Rosmarino;615;620;1235
  Mirto;443;478;921
  Mistretta;2117;2431;4548
  Moio Alcantara;328;353;681
  Monforte San Giorgio;1263;1355;2618
  Mongiuffi Melia;277;280;557
  Montagnareale;727;756;1483
  Montalbano Elicona;1007;1093;2100
  Motta Camastra;412;400;812
  Motta d'Affermo;334;343;677
  Naso;1708;1863;3571
  Nizza di Sicilia;1736;1841;3577
  Novara di Sicilia;595;647;1242
  Oliveri;1021;1071;2092
  Pace del Mela;3048;3149;6197
  Pagliara;539;584;1123
  Patti;6218;6743;12961
  Pettineo;625;648;1273
  Piraino;1899;1951;3850
  Raccuja;444;478;922
  Reitano;380;363;743
  Roccafiorita;90;97;187
  Roccalumera;1908;2035;3943
  Roccavaldina;506;532;1038
  Roccella Valdemone;295;300;595
  Rodì Milici;956;1001;1957
  Rometta;3189;3273;6462
  San Filippo del Mela;3359;3453;6812
  San Fratello;1705;1757;3462
  San Marco d'Alunzio;891;957;1848
  San Pier Niceto;1297;1363;2660
  San Piero Patti;1301;1392;2693
  San Salvatore di Fitalia;549;652;1201
  San Teodoro;627;685;1312
  Santa Domenica Vittoria;441;450;891
  Santa Lucia del Mela;2247;2284;4531
  Santa Marina Salina;463;407;870
  Santa Teresa di Riva;4467;4891;9358
  Sant'Agata di Militello;5778;6473;12251
  Sant'Alessio Siculo;700;771;1471
  Sant'Angelo di Brolo;1413;1502;2915
  Santo Stefano di Camastra;2139;2364;4503
  Saponara;1840;1942;3782
  Savoca;840;891;1731
  Scaletta Zanclea;926;1017;1943
  Sinagra;1279;1299;2578
  Spadafora;2323;2497;4820
  Taormina;5130;5463;10593
  Terme Vigliatore;3582;3673;7255
  Torregrotta;3443;3775;7218
  Torrenova;2187;2268;4455
  Tortorici;2986;3058;6044
  Tripi;375;436;811
  Tusa;1340;1374;2714
  Ucria;454;511;965
  Valdina;633;656;1289
  Venetico;1897;2081;3978
  Villafranca Tirrena;3930;4390;8320
  Agrigento;28305;29287;57592
  Alessandria della Rocca;1291;1384;2675
  Aragona;4455;4696;9151
  Bivona;1640;1761;3401
  Burgio;1261;1336;2597
  Calamonaci;611;646;1257
  Caltabellotta;1616;1790;3406
  Camastra;963;1021;1984
  Cammarata;3006;3002;6008
  Campobello di Licata;4593;4851;9444
  Canicattì;16756;17941;34697
  Casteltermini;3678;3992;7670
  Castrofilippo;1284;1450;2734
  Cattolica Eraclea;1694;1779;3473
  Cianciana;1552;1729;3281
  Comitini;435;464;899
  Favara;15362;16302;31664
  Grotte;2551;2874;5425
  Joppolo Giancaxio;546;593;1139
  Lampedusa e Linosa;3307;3049;6356
  Licata;17463;18033;35496
  Lucca Sicula;842;903;1745
  Menfi;5883;6260;12143
  Montallegro;1204;1250;2454
  Montevago;1383;1446;2829
  Naro;3500;3801;7301
  Palma di Montechiaro;10284;11267;21551
  Porto Empedocle;7876;8179;16055
  Racalmuto;3788;4017;7805
  Raffadali;6008;6477;12485
  Ravanusa;5329;5656;10985
  Realmonte;2173;2237;4410
  Ribera;8673;9377;18050
  Sambuca di Sicilia;2817;2824;5641
  San Biagio Platani;1430;1622;3052
  San Giovanni Gemini;3879;3911;7790
  Santa Elisabetta;1090;1161;2251
  Santa Margherita di Belice;3005;3211;6216
  Sant'Angelo Muxaro;582;635;1217
  Santo Stefano Quisquina;2063;2227;4290
  Sciacca;19077;20169;39246
  Siculiana;2088;2166;4254
  Villafranca Sicula;657;712;1369
  Acquaviva Platani;451;460;911
  Bompensiere;267;255;522
  Butera;2135;2229;4364
  Caltanissetta;29097;31197;60294
  Campofranco;1331;1501;2832
  Delia;1882;2102;3984
  Gela;35364;36823;72187
  Marianopoli;829;899;1728
  Mazzarino;5390;5926;11316
  Milena;1399;1485;2884
  Montedoro;684;765;1449
  Mussomeli;4922;5283;10205
  Niscemi;12752;13101;25853
  Resuttano;907;950;1857
  Riesi;5201;5784;10985
  San Cataldo;10192;10903;21095
  Santa Caterina Villarmosa;2330;2665;4995
  Serradifalco;2709;3019;5728
  Sommatino;3128;3506;6634
  Sutera;609;687;1296
  Vallelunga Pratameno;1574;1715;3289
  Villalba;730;793;1523
  Agira;3894;4022;7916
  Aidone;2286;2236;4522
  Assoro;2456;2506;4962
  Barrafranca;5715;6411;12126
  Calascibetta;2047;2181;4228
  Catenanuova;2242;2356;4598
  Centuripe;2575;2647;5222
  Cerami;931;972;1903
  Enna;12581;13787;26368
  Gagliano Castelferrato;1663;1795;3458
  Leonforte;6206;6612;12818
  Nicosia;6420;6763;13183
  Nissoria;1465;1457;2922
  Piazza Armerina;10308;10735;21043
  Pietraperzia;3082;3479;6561
  Regalbuto;3423;3427;6850
  Sperlinga;341;364;705
  Troina;4312;4605;8917
  Valguarnera Caropepe;3422;3870;7292
  Villarosa;2151;2416;4567
  Aci Bonaccorsi;1670;1851;3521
  Aci Castello;8455;9207;17662
  Aci Catena;13708;14076;27784
  Aci Sant'Antonio;8827;9001;17828
  Acireale;24814;26362;51176
  Adrano;16433;17574;34007
  Belpasso;13588;13802;27390
  Biancavilla;11150;11902;23052
  Bronte;8867;9656;18523
  Calatabiano;2532;2605;5137
  Caltagirone;17652;18499;36151
  Camporotondo Etneo;2558;2491;5049
  Castel di Iudica;2125;2267;4392
  Castiglione di Sicilia;1494;1569;3063
  Catania;142230;154036;296266
  Fiumefreddo di Sicilia;4380;4827;9207
  Giarre;12901;13832;26733
  Grammichele;6312;6566;12878
  Gravina di Catania;12142;13277;25419
  Licodia Eubea;1489;1462;2951
  Linguaglossa;2492;2646;5138
  Maletto;1774;1910;3684
  Maniace;1831;1832;3663
  Mascali;6854;7019;13873
  Mascalucia;14958;15755;30713
  Mazzarrone;1951;2000;3951
  Militello in Val di Catania;3459;3531;6990
  Milo;520;510;1030
  Mineo;2715;2469;5184
  Mirabella Imbaccari;2045;2333;4378
  Misterbianco;24083;25224;49307
  Motta Sant'Anastasia;5950;6256;12206
  Nicolosi;3681;3735;7416
  Palagonia;7956;8247;16203
  Paternò;22537;23665;46202
  Pedara;7268;7327;14595
  Piedimonte Etneo;2009;2026;4035
  Raddusa;1437;1521;2958
  Ragalna;2048;1963;4011
  Ramacca;5266;5181;10447
  Randazzo;5040;5539;10579
  Riposto;6908;7229;14137
  San Cono;1259;1281;2540
  San Giovanni la Punta;10889;11904;22793
  San Gregorio di Catania;5510;6038;11548
  San Michele di Ganzaria;1511;1584;3095
  San Pietro Clarenza;3983;4038;8021
  Santa Maria di Licodia;3651;3806;7457
  Santa Venerina;4124;4291;8415
  Sant'Agata li Battiati;4332;5025;9357
  Sant'Alfio;736;816;1552
  Scordia;8186;8199;16385
  Trecastagni;5439;5561;11000
  Tremestieri Etneo;9416;10449;19865
  Valverde;3856;3989;7845
  Viagrande;4209;4340;8549
  Vizzini;2827;3056;5883
  Zafferana Etnea;4713;4727;9440
  Acate;5940;4958;10898
  Chiaramonte Gulfi;4043;3952;7995
  Comiso;15138;15371;30509
  Giarratana;1388;1463;2851
  Ispica;8222;7866;16088
  Modica;25960;27698;53658
  Monterosso Almo;1394;1463;2857
  Pozzallo;9428;9656;19084
  Ragusa;34618;36820;71438
  Santa Croce Camerina;5726;5015;10741
  Scicli;13256;13702;26958
  Vittoria;31401;31123;62524
  Augusta;17115;17542;34657
  Avola;15092;15575;30667
  Buccheri;882;985;1867
  Buscemi;506;487;993
  Canicattini Bagni;3250;3487;6737
  Carlentini;8176;8694;16870
  Cassaro;356;389;745
  Ferla;1163;1229;2392
  Floridia;10571;10788;21359
  Francofonte;5990;6202;12192
  Lentini;10796;11536;22332
  Melilli;6813;6540;13353
  Noto;11867;11827;23694
  Pachino;10999;10759;21758
  Palazzolo Acreide;4088;4328;8416
  Portopalo di Capo Passero;1925;1880;3805
  Priolo Gargallo;5707;5878;11585
  Rosolini;10241;10509;20750
  Siracusa;58287;60769;119056
  Solarino;3826;3899;7725
  Sortino;4154;4237;8391
  Aggius;681;759;1440
  Aglientu;600;583;1183
  Alà dei Sardi;905;912;1817
  Alghero;20508;22072;42580
  Anela;305;304;609
  Ardara;387;369;756
  Arzachena;6783;6662;13445
  Badesi;907;943;1850
  Banari;270;268;538
  Benetutti;876;905;1781
  Berchidda;1327;1347;2674
  Bessude;190;209;399
  Bonnanaro;452;502;954
  Bono;1707;1773;3480
  Bonorva;1644;1657;3301
  Bortigiadas;366;377;743
  Borutta;129;141;270
  Bottidda;331;333;664
  Buddusò;1890;1854;3744
  Budoni;2556;2635;5191
  Bultei;428;435;863
  Bulzi;250;230;480
  Burgos;441;441;882
  Calangianus;1991;1996;3987
  Cargeghe;317;298;615
  Castelsardo;2936;2948;5884
  Cheremule;204;213;417
  Chiaramonti;784;795;1579
  Codrongianos;651;652;1303
  Cossoine;397;391;788
  Erula;371;351;722
  Esporlatu;179;201;380
  Florinas;736;771;1507
  Giave;258;251;509
  Golfo Aranci;1187;1251;2438
  Illorai;374;425;799
  Ittireddu;253;232;485
  Ittiri;4149;4257;8406
  La Maddalena;5402;5472;10874
  Laerru;442;441;883
  Loiri Porto San Paolo;1803;1801;3604
  Luogosanto;938;919;1857
  Luras;1210;1278;2488
  Mara;273;290;563
  Martis;238;240;478
  Monteleone Rocca Doria;49;58;107
  Monti;1214;1191;2405
  Mores;933;942;1875
  Muros;409;418;827
  Nughedu San Nicolò;384;396;780
  Nule;675;670;1345
  Nulvi;1336;1356;2692
  Olbia;29791;30363;60154
  Olmedo;2101;2092;4193
  Oschiri;1587;1576;3163
  Osilo;1434;1491;2925
  Ossi;2762;2877;5639
  Ozieri;5179;5245;10424
  Padria;313;321;634
  Padru;1067;1025;2092
  Palau;2084;2034;4118
  Pattada;1522;1471;2993
  Perfugas;1163;1168;2331
  Ploaghe;2221;2206;4427
  Porto Torres;10727;11005;21732
  Pozzomaggiore;1252;1270;2522
  Putifigari;362;357;719
  Romana;247;277;524
  San Teodoro;2507;2471;4978
  Santa Maria Coghinas;693;667;1360
  Santa Teresa Gallura;2683;2569;5252
  Sant'Antonio di Gallura;736;756;1492
  Sassari;60406;64867;125273
  Sedini;615;685;1300
  Semestene;68;74;142
  Sennori;3521;3571;7092
  Siligo;404;427;831
  Sorso;7388;7137;14525
  Stintino;795;777;1572
  Telti;1139;1135;2274
  Tempio Pausania;6833;6799;13632
  Tergu;295;313;608
  Thiesi;1414;1436;2850
  Tissi;1217;1166;2383
  Torralba;465;470;935
  Trinità d'Agultu e Vignola;1100;1124;2224
  Tula;761;735;1496
  Uri;1488;1402;2890
  Usini;2156;2138;4294
  Valledoria;2191;2104;4295
  Viddalba;837;830;1667
  Villanova Monteleone;1092;1119;2211
  Aritzo;667;598;1265
  Arzana;1163;1147;2310
  Atzara;560;528;1088
  Austis;381;396;777
  Bari Sardo;1894;2014;3908
  Baunei;1744;1805;3549
  Belvì;292;287;579
  Birori;258;252;510
  Bitti;1317;1416;2733
  Bolotana;1180;1356;2536
  Borore;994;1059;2053
  Bortigali;600;680;1280
  Cardedu;951;1002;1953
  Desulo;1097;1134;2231
  Dorgali;4285;4217;8502
  Dualchi;287;309;596
  Elini;270;284;554
  Fonni;1838;1958;3796
  Gadoni;367;385;752
  Gairo;682;683;1365
  Galtellì;1208;1231;2439
  Gavoi;1280;1292;2572
  Girasole;659;661;1320
  Ilbono;1038;1063;2101
  Irgoli;1145;1128;2273
  Jerzu;1570;1595;3165
  Lanusei;2581;2598;5179
  Lei;246;244;490
  Loceri;642;654;1296
  Loculi;269;231;500
  Lodè;835;782;1617
  Lodine;169;154;323
  Lotzorai;1018;1097;2115
  Lula;669;645;1314
  Macomer;4747;5045;9792
  Mamoiada;1202;1254;2456
  Meana Sardo;845;854;1699
  Noragugume;149;144;293
  Nuoro;16724;18272;34996
  Oliena;3358;3492;6850
  Ollolai;617;628;1245
  Olzai;424;397;821
  Onanì;179;190;369
  Onifai;349;370;719
  Oniferi;443;454;897
  Orani;1386;1413;2799
  Orgosolo;2098;2028;4126
  Orosei;3411;3517;6928
  Orotelli;973;985;1958
  Ortueri;558;542;1100
  Orune;1129;1113;2242
  Osidda;103;116;219
  Osini;384;355;739
  Ottana;1123;1138;2261
  Ovodda;798;779;1577
  Perdasdefogu;916;905;1821
  Posada;1538;1503;3041
  Sarule;831;841;1672
  Silanus;1023;1039;2062
  Sindia;804;864;1668
  Siniscola;5808;5701;11509
  Sorgono;796;810;1606
  Talana;470;509;979
  Tertenia;1949;1934;3883
  Teti;339;300;639
  Tiana;236;227;463
  Tonara;938;954;1892
  Torpè;1422;1366;2788
  Tortolì;5263;5506;10769
  Triei;556;541;1097
  Ulassai;680;737;1417
  Urzulei;581;599;1180
  Ussassai;253;253;506
  Villagrande Strisaili;1555;1531;3086
  Assemini;12903;13291;26194
  Cagliari;70445;80560;151005
  Capoterra;11193;11284;22477
  Decimomannu;4159;4123;8282
  Elmas;4637;4712;9349
  Maracalagonis;4018;3854;7872
  Monserrato;9345;10168;19513
  Pula;3632;3553;7185
  Quartu Sant'Elena;33511;34772;68283
  Quartucciu;6412;6694;13106
  Sarroch;2616;2577;5193
  Selargius;13931;14806;28737
  Sestu;10541;10359;20900
  Settimo San Pietro;3376;3424;6800
  Sinnai;8554;8539;17093
  Uta;4445;4273;8718
  Villa San Pietro;1079;1054;2133
  Abbasanta;1290;1309;2599
  Aidomaggiore;188;225;413
  Albagiara;120;131;251
  Ales;689;672;1361
  Allai;181;169;350
  Arborea;1924;1925;3849
  Ardauli;387;442;829
  Assolo;182;173;355
  Asuni;156;162;318
  Baradili;38;39;77
  Baratili San Pietro;626;624;1250
  Baressa;306;291;597
  Bauladu;326;338;664
  Bidonì;70;69;139
  Bonarcado;780;760;1540
  Boroneddu;71;82;153
  Bosa;3786;3984;7770
  Busachi;599;646;1245
  Cabras;4531;4512;9043
  Cuglieri;1268;1280;2548
  Curcuris;145;153;298
  Flussio;197;237;434
  Fordongianus;425;445;870
  Ghilarza;2111;2298;4409
  Gonnoscodina;247;206;453
  Gonnosnò;355;360;715
  Gonnostramatza;415;445;860
  Laconi;865;881;1746
  Magomadas;318;307;625
  Marrubiu;2366;2316;4682
  Masullas;547;497;1044
  Milis;767;753;1520
  Modolo;71;85;156
  Mogorella;220;210;430
  Mogoro;2009;2018;4027
  Montresta;226;229;455
  Morgongiori;354;342;696
  Narbolia;835;859;1694
  Neoneli;309;334;643
  Norbello;640;577;1217
  Nughedu Santa Vittoria;212;247;459
  Nurachi;854;903;1757
  Nureci;170;166;336
  Ollastra;582;600;1182
  Oristano;14554;16154;30708
  Palmas Arborea;743;755;1498
  Pau;140;156;296
  Paulilatino;1085;1070;2155
  Pompu;125;112;237
  Riola Sardo;1084;1007;2091
  Ruinas;312;335;647
  Sagama;99;97;196
  Samugheo;1456;1494;2950
  San Nicolò d'Arcidano;1271;1269;2540
  San Vero Milis;1244;1203;2447
  Santa Giusta;2364;2379;4743
  Santu Lussurgiu;1148;1155;2303
  Scano di Montiferro;707;755;1462
  Sedilo;1011;1040;2051
  Seneghe;873;865;1738
  Senis;203;232;435
  Sennariolo;71;91;162
  Siamaggiore;461;442;903
  Siamanna;407;388;795
  Siapiccia;177;170;347
  Simala;163;144;307
  Simaxis;1095;1095;2190
  Sini;257;235;492
  Siris;122;100;222
  Soddì;53;66;119
  Solarussa;1144;1172;2316
  Sorradile;172;184;356
  Suni;480;552;1032
  Tadasuni;74;73;147
  Terralba;5052;4996;10048
  Tinnura;121;120;241
  Tramatza;478;466;944
  Tresnuraghes;529;564;1093
  Ulà Tirso;242;255;497
  Uras;1409;1399;2808
  Usellus;382;361;743
  Villa Sant'Antonio;168;173;341
  Villa Verde;141;155;296
  Villanova Truschedu;134;160;294
  Villaurbana;771;788;1559
  Zeddiani;576;569;1145
  Zerfaliu;494;527;1021
  Arbus;2962;3042;6004
  Armungia;222;220;442
  Ballao;378;358;736
  Barrali;566;541;1107
  Barumini;602;619;1221
  Buggerru;521;518;1039
  Burcei;1395;1358;2753
  Calasetta;1424;1395;2819
  Carbonia;12775;14038;26813
  Carloforte;2953;3043;5996
  Castiadas;858;806;1664
  Collinas;389;410;799
  Decimoputzu;2169;2121;4290
  Dolianova;4833;4774;9607
  Domus de Maria;843;792;1635
  Domusnovas;2983;3068;6051
  Donori;1004;1004;2008
  Escalaplano;1129;997;2126
  Escolca;265;292;557
  Esterzili;276;307;583
  Fluminimaggiore;1424;1396;2820
  Furtei;786;778;1564
  Genoni;394;396;790
  Genuri;149;160;309
  Gergei;600;572;1172
  Gesico;405;398;803
  Gesturi;595;608;1203
  Giba;955;998;1953
  Goni;250;213;463
  Gonnesa;2410;2424;4834
  Gonnosfanadiga;3125;3271;6396
  Guamaggiore;471;473;944
  Guasila;1309;1306;2615
  Guspini;5690;5818;11508
  Iglesias;12468;13473;25941
  Isili;1245;1307;2552
  Las Plassas;116;104;220
  Lunamatrona;813;848;1661
  Mandas;1046;1041;2087
  Masainas;615;652;1267
  Monastir;2295;2304;4599
  Muravera;2562;2672;5234
  Musei;794;729;1523
  Narcao;1577;1581;3158
  Nuragus;423;440;863
  Nurallao;620;589;1209
  Nuraminis;1223;1240;2463
  Nurri;1078;1040;2118
  Nuxis;734;775;1509
  Orroli;1069;1060;2129
  Ortacesus;467;416;883
  Pabillonis;1372;1295;2667
  Pauli Arbarei;291;292;583
  Perdaxius;691;680;1371
  Pimentel;595;556;1151
  Piscinas;395;432;827
  Portoscuso;2429;2529;4958
  Sadali;481;451;932
  Samassi;2412;2555;4967
  Samatzai;790;808;1598
  San Basilio;603;585;1188
  San Gavino Monreale;4047;4249;8296
  San Giovanni Suergiu;2898;2896;5794
  San Nicolò Gerrei;378;346;724
  San Sperate;4199;4151;8350
  San Vito;1766;1783;3549
  Sanluri;4128;4252;8380
  Santadi;1629;1664;3293
  Sant'Andrea Frius;889;822;1711
  Sant'Anna Arresi;1371;1324;2695
  Sant'Antioco;5383;5471;10854
  Sardara;1953;1996;3949
  Segariu;568;567;1135
  Selegas;662;685;1347
  Senorbì;2415;2423;4838
  Serdiana;1342;1329;2671
  Serramanna;4377;4417;8794
  Serrenti;2387;2341;4728
  Serri;320;315;635
  Setzu;69;69;138
  Seui;633;610;1243
  Seulo;412;383;795
  Siddi;310;318;628
  Siliqua;1852;1860;3712
  Silius;605;524;1129
  Siurgus Donigala;943;967;1910
  Soleminis;931;931;1862
  Suelli;554;544;1098
  Teulada;1783;1656;3439
  Tratalias;532;502;1034
  Tuili;483;494;977
  Turri;206;207;413
  Ussana;2026;2083;4109
  Ussaramanna;262;246;508
  Vallermosa;969;906;1875
  Villacidro;6703;6744;13447
  Villamar;1310;1264;2574
  Villamassargia;1736;1755;3491
  Villanova Tulo;553;507;1060
  Villanovaforru;375;299;674
  Villanovafranca;631;614;1245
  Villaperuccio;523;534;1057
  Villaputzu;2270;2334;4604
  Villasalto;500;511;1011
  Villasimius;1885;1829;3714
  Villasor;3410;3408;6818
  Villaspeciosa;1301;1304;2605
